5 0.7418985928 0.7980545135 0.7006975984 0.7014475315 0.733025
10 0.7794596778 0.8441112995 0.7104922671 0.7221124161 0.758544
15 0.8178048644 0.8520999447 0.7352643656 0.7461745922 0.776086
20 0.7998001625 0.8535518201 0.7420595373 0.7593828333 0.786199
25 0.8144764118 0.8578789329 0.7454967937 0.764192328 0.793511
30 0.8128433343 0.8604889699 0.7570547466 0.7733286108 0.808679
35 0.8227765894 0.8651796207 0.7657798315 0.7829640169 0.816675
40 0.8292876302 0.8695701529 0.7721150509 0.7910997573 0.820268
45 0.8324946069 0.8731414681 0.781019238 0.8006860141 0.824335
48 0.8352497575 0.8762775898 0.7871718848 0.8077281397 0.827981
