5 0.7338985928 0.7860545135 0.68906975984 0.6904475315 
10 0.7594596778 0.8101112995 0.69514922671 0.7011124161 
15 0.7778048644 0.8180999447 0.7132643656 0.7141745922 
20 0.7948001625 0.8335518201 0.7280595373 0.7363828333 
25 0.8054764118 0.8378789329 0.7374967937 0.760192328 
30 0.8098433343 0.8504889699 0.74800547466 0.7693286108 
35 0.8157765894 0.8571796207 0.7607798315 0.7719640169 
40 0.8202876302 0.8615701529 0.771110509 0.7890997573 
45 0.8224946069 0.8621414681 0.773019238 0.7916860141 
48 0.8232497575 0.8632775898 0.774178848 0.7937281397 
