1 0.557649	0.508965
2 0.545329	0.444791
3 0.544876	0.460793
4 0.459286	0.518408
5 0.487264	0.504831
6 0.533596	0.49816
7 0.540997	0.466064
8 0.575313	0.523967
9 0.525362	0.541361
10 0.50211	0.509014
11 0.552037	0.532075
12 0.565198	0.496652
13 0.594306	0.476843
14 0.590779	0.516843
15 0.527381	0.465773
16 0.59076	0.510652
17 0.605097	0.468137
18 0.557005	0.511225
19 0.591297	0.509278
20 0.588231	0.492343
21 0.628713	0.498872
22 0.565757	0.491987
23 0.589879	0.4845
24 0.557568	0.498592
25 0.61044	0.512174
26 0.630627	0.499141
27 0.561851	0.477179
28 0.61117	0.517648
29 0.601386	0.525348
30 0.606067	0.548527
31 0.568066	0.52187
32 0.583634	0.505666
33 0.599828	0.511791
34 0.592885	0.519122
35 0.609663	0.524107
36 0.550748	0.535375
37 0.617419	0.554906
38 0.585032	0.593321
39 0.610561	0.59887
40 0.580249	0.641834
41 0.588523	0.658444
42 0.604329	0.644215
43 0.565543	0.651294
44 0.584295	0.656747
45 0.597697	0.65789
46 0.605059	0.67821
47 0.605845	0.664743
