1 0.659865	0.411093
2 0.610525	0.464669
3 0.655887	0.478545
4 0.625305	0.445396
5 0.64924	0.566941
6 0.64241	0.604887
7 0.608467	0.527214
8 0.575817	0.544582
9 0.623485	0.479088
10 0.640366	0.515664
11 0.673489	0.516899
12 0.640683	0.511578
13 0.651561	0.523804
14 0.626374	0.487818
15 0.624408	0.489206
16 0.685891	0.509719
17 0.628047	0.559523
18 0.663116	0.540748
19 0.676993	0.527174
20 0.670273	0.525818
21 0.627744	0.551466
22 0.632107	0.584729
23 0.638493	0.581623
24 0.64933	0.590905
25 0.628383	0.580773
26 0.655732	0.643811
27 0.649151	0.633088
28 0.632477	0.624606
29 0.636739	0.66089
30 0.607782	0.692463
31 0.639142	0.69077
32 0.635744	0.700079
33 0.661288	0.719016
34 0.655928	0.677256
35 0.659971	0.698053
36 0.664094	0.669197
37 0.683319	0.70012
38 0.646836	0.644922
39 0.643193	0.721166
40 0.65486	0.703959
41 0.657699	0.678415
42 0.622473	0.674473
43 0.674374	0.710634
44 0.66614	0.752098
45 0.658686	0.710266
46 0.660482	0.712666
47 0.654607	0.724506
