1 0.60102	0.498542
2 0.568722	0.570146
3 0.570016	0.568964
4 0.571491	0.559661
5 0.570175	0.519979
6 0.573926	0.538476
7 0.585099	0.557104
8 0.613517	0.527664
9 0.590993	0.52512
10 0.630532	0.5181
11 0.583769	0.519605
12 0.593137	0.53558
13 0.590272	0.490517
14 0.579957	0.529063
15 0.608803	0.513977
16 0.616351	0.516837
17 0.596728	0.522261
18 0.58879	0.562305
19 0.607843	0.517334
20 0.610095	0.530905
21 0.621856	0.51568
22 0.616022	0.524611
23 0.594918	0.52514
24 0.574459	0.533865
25 0.616911	0.519754
26 0.601713	0.533842
27 0.613637	0.485791
28 0.60042	0.515374
29 0.609294	0.547823
30 0.633496	0.537578
31 0.625987	0.512985
32 0.633953	0.521928
33 0.599399	0.508996
34 0.629298	0.534995
35 0.566001	0.526943
36 0.576901	0.564301
37 0.601007	0.557665
38 0.585541	0.604472
39 0.613221	0.632756
40 0.605473	0.621041
41 0.613978	0.652411
42 0.610922	0.678594
43 0.608735	0.664488
44 0.618681	0.674786
45 0.624688	0.676619
46 0.618163	0.669203
47 0.615991	0.681762
