1 0.476156	0.448831
2 0.547573	0.443922
3 0.631729	0.479514
4 0.649379	0.498511
5 0.709459	0.490221
6 0.718337	0.448088
7 0.728814	0.451357
8 0.690496	0.52931
9 0.71576	0.472391
10 0.741401	0.480795
11 0.744411	0.40467
12 0.711104	0.41881
13 0.719128	0.487417
14 0.709408	0.437318
15 0.649309	0.431542
16 0.614446	0.409424
17 0.586706	0.485822
18 0.670296	0.490698
19 0.654006	0.481459
20 0.645248	0.5229
21 0.602026	0.503125
22 0.63889	0.461596
23 0.668097	0.593081
24 0.667722	0.580979
25 0.619637	0.561883
26 0.580706	0.526546
27 0.64664	0.608232
28 0.611647	0.623252
29 0.643272	0.542401
30 0.576378	0.54422
31 0.652827	0.639803
32 0.666072	0.715247
33 0.681982	0.666508
34 0.628271	0.601475
35 0.630075	0.578601
36 0.653237	0.713098
37 0.62157	0.679111
38 0.664251	0.732298
39 0.70848	0.704488
40 0.667575	0.784885
41 0.674865	0.729293
42 0.669046	0.74093
43 0.640171	0.779671
44 0.69449	0.795801
45 0.649968	0.787121
46 0.718259	0.741529
47 0.664578	0.770169
