#DEATH	TIME	SPEED	ACCELERATION	AVG_SPEED	AVG_ACCELERATION	DC0	DC1	AVG_DIST_0	AVG_DIST_1
1	1	0.00584124	0.00584124	0.00584124	0.00584124	0.130843	0.0139434	0.123537	0.0270336
1	2	0.00287115	-0.00297009	0.00435619	0.00143557	0.130728	0.0141903	0.123423	0.0275151
1	3	0.00183219	-0.00103896	0.00351486	0.000610729	0.129951	0.0146958	0.122646	0.0278471
1	4	0.0125724	0.0107402	0.00577925	0.0031431	0.121609	0.0221278	0.114846	0.0306773
1	5	0.00456155	-0.00801086	0.00553571	0.000912311	0.119156	0.0239134	0.112562	0.0301426
1	6	0.0037425	-0.000819053	0.00523684	0.00062375	0.118718	0.0240931	0.112057	0.03028
1	7	0.00387098	0.000128482	0.00504172	0.000552998	0.118901	0.0226535	0.112013	0.0287516
1	8	0.02475	0.020879	0.00750525	0.00309375	0.0967493	0.0399247	0.0903928	0.03314
1	9	0.0123579	-0.0123921	0.00804443	0.0013731	0.0884432	0.0469179	0.0823148	0.0379051
1	10	0.00649295	-0.00586492	0.00788928	0.000649295	0.0878075	0.0475192	0.0818295	0.0380323
1	11	0.00618918	-0.000303766	0.00773473	0.000562653	0.0893076	0.0460451	0.0833925	0.0368444
1	12	0.0286203	0.0224311	0.0094752	0.00238503	0.0627734	0.0717088	0.0589916	0.0563685
1	13	0.0102462	-0.0183741	0.00953451	0.000788172	0.0573664	0.0787385	0.0544366	0.0624761
1	14	0.00480828	-0.00543796	0.00919692	0.000343449	0.0558276	0.0801041	0.0535075	0.0637976
1	15	0.00507135	0.000263071	0.00892188	0.00033809	0.0563209	0.0794826	0.0544667	0.0631254
1	16	0.0214341	0.0163627	0.0097039	0.00133963	0.0417096	0.0998651	0.0424032	0.080418
1	17	0.00839732	-0.0130368	0.00962704	0.000493959	0.0400025	0.105716	0.0411427	0.0860604
1	18	0.00457355	-0.00382376	0.00934629	0.000254086	0.0401423	0.106226	0.0411811	0.0867746
1	19	0.00500999	0.000436436	0.00911806	0.000263683	0.0406681	0.104673	0.042035	0.0853083
1	20	0.0144892	0.00947917	0.00938662	0.000724457	0.0352339	0.117598	0.0384556	0.0974751
1	21	0.00650729	-0.00798187	0.00924951	0.000309871	0.0365145	0.118909	0.0401978	0.0986559
1	22	0.00420043	-0.00230686	0.00902	0.000190928	0.0371972	0.117959	0.0405791	0.097744
1	23	0.00371202	-0.000488414	0.00878922	0.000161392	0.0367959	0.116707	0.0403176	0.0965345
1	24	0.0108032	0.00709117	0.00887313	0.000450133	0.0348405	0.125328	0.0393864	0.104973
1	25	0.00551107	-0.00529212	0.00873865	0.000220444	0.0367976	0.123896	0.0410944	0.103546
1	26	0.00405187	-0.0014592	0.00855839	0.000155841	0.0374454	0.121943	0.0418023	0.10184
1	27	0.00365675	-0.000395123	0.00837685	0.000135435	0.0374535	0.120702	0.0419869	0.100578
1	28	0.00825656	0.00459981	0.00837255	0.000294878	0.0374402	0.124777	0.0423894	0.104592
1	29	0.00625088	-0.00200567	0.00829939	0.000215547	0.0411004	0.121252	0.0450179	0.101526
1	30	0.00526487	-0.000986008	0.00819824	0.000175494	0.0404454	0.120011	0.0439887	0.100286
1	31	0.0040927	-0.00117217	0.00806581	0.000132022	0.0401352	0.118277	0.0435929	0.0988242
1	32	0.00667437	0.00258167	0.00802232	0.000208574	0.0404585	0.120131	0.0442736	0.100519
1	33	0.0067234	4.90E-05	0.00798296	0.00020374	0.0445524	0.114602	0.0473908	0.0956702
1	34	0.00453788	-0.00218552	0.00788164	0.000133467	0.046008	0.11117	0.047744	0.0923915
1	35	0.00385398	-0.000683896	0.00776656	0.000110113	0.0468446	0.108569	0.0483597	0.089895
1	36	0.00561717	0.00176319	0.00770686	0.000156033	0.0470421	0.109002	0.0488932	0.0901959
1	37	0.0072699	0.00165272	0.00769505	0.000196484	0.0516331	0.102541	0.0529602	0.08453
1	38	0.00514191	-0.00212799	0.00762786	0.000135314	0.0533227	0.0989278	0.0540275	0.0810876
1	39	0.00444969	-0.000692223	0.00754637	0.000114094	0.0545036	0.0954377	0.054631	0.0779813
1	40	0.00710589	0.0026562	0.00753535	0.000177647	0.0577899	0.0928347	0.0580995	0.0762819
1	41	0.00962561	0.00251971	0.00758633	0.000234771	0.0647222	0.0850467	0.0643924	0.0701519
1	42	0.00710905	-0.00251656	0.00757497	0.000169263	0.0682223	0.079915	0.0665508	0.0662458
1	43	0.00693374	-0.000175305	0.00756006	0.000161249	0.0711815	0.0741152	0.0687414	0.0613722
1	44	0.00450265	-0.00243109	0.00749057	0.000102332	0.0727072	0.0707021	0.0697076	0.0580066
1	45	0.00119019	-0.00331246	0.00735056	2.64E-05	0.0724658	0.0710796	0.0697844	0.0582665
1	46	0.00128558	9.54E-05	0.00721872	2.79E-05	0.0722088	0.0709071	0.069607	0.057612
1	47	0.00148937	0.00020379	0.00709682	3.17E-05	0.0723618	0.0703589	0.069743	0.0569268
1	48	0	-0.00148937	0.00694897	0	0.0723618	0.0703589	0.069743	0.0569268
