#DEATH	TIME	SPEED	ACCELERATION	AVG_SPEED	AVG_ACCELERATION	DC0	DC1	AVG_DIST_0	AVG_DIST_1
1	1	0.00195512	0.00195512	0.00195512	0.00195512	0.0436229	0.0855252	0.0460709	0.0843584
1	2	0.000864578	-0.00109055	0.00140985	0.000432289	0.0438134	0.0857158	0.0462615	0.0845491
1	3	0.000564145	-0.000300432	0.00112795	0.000188049	0.0436816	0.085584	0.0461297	0.0844172
1	4	0.00210111	0.00153696	0.00137124	0.000525277	0.0427768	0.0846783	0.0452252	0.0835116
1	5	0.00142552	-0.000675592	0.00138209	0.000285103	0.0419101	0.0838106	0.0443589	0.0826439
1	6	0.000912378	-0.000513139	0.00130381	0.000152063	0.0417841	0.0836842	0.0442329	0.0825176
1	7	0.00069965	-0.000212727	0.0012175	9.99E-05	0.0417587	0.0836588	0.0442071	0.0824922
1	8	0.00424559	0.00354594	0.00159601	0.000530699	0.0386015	0.0802196	0.0410378	0.0790532
1	9	0.00225359	-0.00199201	0.00166908	0.000250399	0.0374311	0.0785897	0.0398103	0.0774234
1	10	0.00143463	-0.000818961	0.00164563	0.000143463	0.036832	0.0779418	0.0391627	0.0767756
1	11	0.00113983	-0.000294799	0.00159965	0.00010362	0.0367116	0.0777774	0.0390138	0.0766113
1	12	0.00734597	0.00620614	0.00207851	0.000612163	0.0330749	0.071023	0.0355158	0.069784
1	13	0.00360982	-0.00373615	0.0021963	0.000277678	0.0314373	0.0681452	0.0338278	0.0668182
1	14	0.00254199	-0.00106783	0.00222099	0.000181572	0.0306244	0.0666705	0.0332538	0.0654559
1	15	0.00169875	-0.000843238	0.00218618	0.000113251	0.0305759	0.0666421	0.0331412	0.0654694
1	16	0.0109078	0.00920901	0.00273128	0.000681736	0.0276905	0.0573687	0.0301148	0.0564961
1	17	0.00459514	-0.00631263	0.00284092	0.000270302	0.0273096	0.0541917	0.0293683	0.0534533
1	18	0.00354883	-0.00104631	0.00288025	0.000197158	0.0270702	0.0520896	0.0290612	0.0514453
1	19	0.0022522	-0.00129663	0.00284719	0.000118537	0.026971	0.0519585	0.0289331	0.0511215
1	20	0.0117411	0.0094889	0.00329189	0.000587055	0.0291995	0.0432022	0.0301166	0.0430719
1	21	0.00502667	-0.00671443	0.00337449	0.000239365	0.030181	0.0402112	0.0308629	0.0403069
1	22	0.00363841	-0.00138826	0.00338649	0.000165382	0.0305195	0.0383656	0.0310736	0.0385581
1	23	0.00266632	-0.000972092	0.00335518	0.000115927	0.0303217	0.0381669	0.0308829	0.0381358
1	24	0.0103183	0.00765201	0.00364531	0.00042993	0.0334615	0.0320056	0.0337231	0.0327859
1	25	0.00466394	-0.00565438	0.00368606	0.000186558	0.0351223	0.029854	0.0350041	0.030796
1	26	0.00346323	-0.00120071	0.00367749	0.000133201	0.0358367	0.028461	0.0353658	0.0292322
1	27	0.00240396	-0.00105927	0.00363032	8.90E-05	0.0355113	0.0285922	0.0348085	0.0292758
1	28	0.00794587	0.00554191	0.00378444	0.000283781	0.0385683	0.0254299	0.0375272	0.0266986
1	29	0.00425659	-0.00368927	0.00380073	0.000146779	0.0397375	0.0240428	0.0386932	0.0255214
1	30	0.00306727	-0.00118932	0.00377628	0.000102243	0.0404288	0.0232899	0.0392658	0.0248519
1	31	0.00220861	-0.000858658	0.00372571	7.12E-05	0.039902	0.0230629	0.0386332	0.0246035
1	32	0.00616395	0.00395533	0.0038019	0.000192624	0.0402401	0.021342	0.0388552	0.023184
1	33	0.00400989	-0.00215405	0.00380821	0.000121512	0.0402113	0.019666	0.0386108	0.0214494
1	34	0.00290533	-0.00110456	0.00378165	8.55E-05	0.040095	0.0189116	0.0383671	0.0206122
1	35	0.00209222	-0.00081311	0.00373338	5.98E-05	0.0390994	0.018948	0.0374435	0.0204565
1	36	0.00693593	0.0048437	0.00382234	0.000192665	0.0369683	0.0187603	0.035178	0.0202432
1	37	0.00437923	-0.0025567	0.00383739	0.000118357	0.0362206	0.0183793	0.0343765	0.0198288
1	38	0.00329529	-0.00108393	0.00382313	8.67E-05	0.035239	0.0183177	0.0334263	0.0195216
1	39	0.00249033	-0.000804965	0.00378895	6.39E-05	0.0346021	0.0186075	0.0328168	0.0196992
1	40	0.00952654	0.00703621	0.00393239	0.000238164	0.030244	0.0237653	0.0288753	0.0244063
1	41	0.00472332	-0.00480322	0.00395168	0.000115202	0.0297578	0.0251664	0.0286468	0.0256623
1	42	0.00477285	4.95E-05	0.00397123	0.000113639	0.0288985	0.0264246	0.0279091	0.0269719
1	43	0.00344728	-0.00132557	0.00395905	8.02E-05	0.0297234	0.0262853	0.0286804	0.0268478
1	44	0.0029215	-0.000525782	0.00393547	6.64E-05	0.0297133	0.0271384	0.028697	0.0277112
1	45	0.00101206	-0.00190944	0.0038705	2.25E-05	0.0299033	0.0272399	0.0288871	0.0277632
1	46	0.00131402	0.000301959	0.00381493	2.86E-05	0.0305654	0.0270405	0.0295537	0.0276393
1	47	0.00145726	0.000143242	0.00376476	3.10E-05	0.0310214	0.0272837	0.0299897	0.0278576
1	48	0	-0.00145726	0.00368633	0	0.0310214	0.0272837	0.0299897	0.0278576
