#DEATH	TIME	SPEED	ACCELERATION	AVG_SPEED	AVG_ACCELERATION	DC0	DC1	AVG_DIST_0	AVG_DIST_1
1	1	0.000921786	0.000921786	0.000921786	0.000921786	0.0364996	0.112789	0.0406391	0.143689
1	2	0.000111859	-0.000809927	0.000516823	5.59E-05	0.0365671	0.112856	0.0407065	0.143757
1	3	0.000118914	7.06E-06	0.000384187	3.96E-05	0.0365317	0.112821	0.0406711	0.143721
1	4	0.000543881	0.000424967	0.00042411	0.000135972	0.036871	0.113161	0.0410106	0.144061
1	5	0.00015394	-0.000389939	0.000370078	3.08E-05	0.0368615	0.113151	0.041001	0.144052
1	6	0.000143539	-1.04E-05	0.00033232	2.39E-05	0.0368458	0.113136	0.0409853	0.144036
1	7	0.000203309	5.98E-05	0.00031389	2.90E-05	0.0367727	0.113063	0.0409122	0.143963
1	8	0.000564293	0.000360982	0.00034519	7.05E-05	0.0369363	0.113227	0.0410759	0.144127
1	9	0.000360497	-0.000203796	0.000346893	4.01E-05	0.0369741	0.113265	0.0411137	0.144165
1	10	0.000192526	-0.000167971	0.000331455	1.93E-05	0.0369157	0.113206	0.0410552	0.144107
1	11	0.00025398	6.15E-05	0.000324411	2.31E-05	0.0368646	0.113155	0.0410041	0.144055
1	12	0.000741221	0.00048724	0.000359147	6.18E-05	0.0366903	0.112982	0.0408298	0.143882
1	13	0.00030933	-0.000431892	0.000355313	2.38E-05	0.0367489	0.11304	0.0408885	0.14394
1	14	0.000319594	1.03E-05	0.000352763	2.28E-05	0.0368268	0.113118	0.0409663	0.144018
1	15	0.000267987	-5.16E-05	0.000347111	1.79E-05	0.0366789	0.11297	0.0408184	0.14387
1	16	0.000837563	0.000569578	0.000377764	5.23E-05	0.0364216	0.112714	0.0405613	0.143614
1	17	0.000579956	-0.000257607	0.000389658	3.41E-05	0.036205	0.112498	0.0403448	0.143398
1	18	0.000232435	-0.000347521	0.000380923	1.29E-05	0.036065	0.112358	0.0402047	0.143258
1	19	0.000340304	0.000107869	0.000378787	1.79E-05	0.0358379	0.112131	0.0399776	0.143031
1	20	0.00122749	0.000887187	0.000421219	6.14E-05	0.0354342	0.11173	0.039574	0.142629
1	21	0.00071969	-0.000507801	0.000435432	3.43E-05	0.0349359	0.111232	0.0390758	0.142131
1	22	0.000594357	-0.000125333	0.000442656	2.70E-05	0.0344408	0.110737	0.0385807	0.141636
1	23	0.000526987	-6.74E-05	0.000446324	2.29E-05	0.0340415	0.110338	0.0381813	0.141237
1	24	0.00177119	0.0012442	0.000501526	7.38E-05	0.0329301	0.109223	0.0370657	0.140122
1	25	0.00106159	-0.000709597	0.00052393	4.25E-05	0.0321347	0.108322	0.0362046	0.13922
1	26	0.000902616	-0.000158978	0.000538495	3.47E-05	0.0312829	0.107543	0.0353876	0.138442
1	27	0.000979233	7.66E-05	0.000554818	3.63E-05	0.0304582	0.106661	0.0345307	0.13756
1	28	0.00262066	0.00164143	0.000628598	9.36E-05	0.0307405	0.104864	0.0346199	0.135762
1	29	0.00120727	-0.00141339	0.000648552	4.16E-05	0.0305402	0.104041	0.0345146	0.134939
1	30	0.00124583	3.86E-05	0.000668461	4.15E-05	0.0299965	0.103005	0.0342115	0.133903
1	31	0.00193555	0.00068972	0.000709336	6.24E-05	0.0284888	0.101175	0.0328016	0.132072
1	32	0.00346374	0.00152818	0.00079541	0.000108243	0.0288447	0.0984607	0.0333726	0.129358
1	33	0.00184197	-0.00162177	0.000827125	5.58E-05	0.028004	0.0972455	0.0326671	0.128143
1	34	0.00183449	-7.48E-06	0.000856753	5.40E-05	0.0267738	0.0956176	0.0315262	0.126515
1	35	0.00434879	0.0025143	0.000956527	0.00012425	0.0234724	0.0913426	0.0282683	0.12224
1	36	0.00448464	0.000135843	0.00105453	0.000124574	0.0235199	0.0880853	0.0283946	0.118649
1	37	0.00351485	-0.000969781	0.00112102	9.50E-05	0.0215765	0.0848778	0.0260605	0.115325
1	38	0.00473417	0.00121932	0.00121611	0.000124583	0.0205205	0.0803829	0.0239155	0.110841
1	39	0.00946348	0.00472931	0.00142758	0.000242653	0.021502	0.0709707	0.0226618	0.101506
1	40	0.00665581	-0.00280767	0.00155828	0.000166395	0.0227862	0.0668264	0.0240463	0.0965733
1	41	0.00607094	-0.000584866	0.00166835	0.000148072	0.0257763	0.0617477	0.0255692	0.0914536
1	42	0.00697216	0.000901216	0.00179463	0.000166003	0.0299159	0.0551188	0.0291352	0.0847708
1	43	0.0115689	0.00459674	0.00202194	0.000269046	0.0399581	0.0444398	0.0374601	0.0732186
1	44	0.00920854	-0.00236036	0.00218527	0.000209285	0.0473854	0.0372893	0.044076	0.0644983
1	45	0.000816005	-0.00839254	0.00215484	1.81E-05	0.0473893	0.0371902	0.0440779	0.0644321
1	46	0.00088695	7.09E-05	0.00212728	1.93E-05	0.0475858	0.0369421	0.044251	0.0639757
1	47	0.000695879	-0.000191071	0.00209682	1.48E-05	0.0478863	0.0365093	0.0445402	0.0635247
1	48	0	-0.000695879	0.00205314	0	0.0478863	0.0365093	0.0445402	0.0635247
