#DEATH	TIME	SPEED	ACCELERATION	AVG_SPEED	AVG_ACCELERATION	DC0	DC1	AVG_DIST_0	AVG_DIST_1
0	1	0.00163453	0.00163453	0.00163453	0.00163453	0.0432726	0.0852277	0.0458864	0.084658
0	2	0.000939244	-0.00069529	0.00128689	0.000469622	0.0434183	0.0853718	0.0460298	0.0848021
0	3	0.000513771	-0.000425473	0.00102918	0.000171257	0.0433351	0.085288	0.045947	0.0847183
0	4	0.00232365	0.00180988	0.0013528	0.000580912	0.0421449	0.0840184	0.0447818	0.083449
0	5	0.00147291	-0.000850736	0.00137682	0.000294582	0.0413774	0.0831794	0.0440341	0.0826231
0	6	0.00109774	-0.000375172	0.00133031	0.000182956	0.0410503	0.0828633	0.0437032	0.0823072
0	7	0.000892557	-0.000205183	0.00126777	0.000127508	0.0408781	0.0826607	0.0435117	0.0821045
0	8	0.00490552	0.00401297	0.00172249	0.00061319	0.0371337	0.0782074	0.0397219	0.0776857
0	9	0.00288969	-0.00201583	0.00185218	0.000321077	0.0356313	0.0759644	0.0382539	0.0754631
0	10	0.0018412	-0.00104849	0.00185108	0.00018412	0.0349866	0.0749688	0.0375492	0.0744705
0	11	0.00140956	-0.000431641	0.00181094	0.000128142	0.0348487	0.0747644	0.0373578	0.0742637
0	12	0.00898878	0.00757922	0.0024091	0.000749065	0.0304535	0.0663525	0.0328521	0.0659117
0	13	0.00459176	-0.00439702	0.00257699	0.000353212	0.0291134	0.0626154	0.0313512	0.0622486
0	14	0.00278446	-0.0018073	0.00259181	0.00019889	0.0284887	0.0609991	0.0306287	0.0606513
0	15	0.0020742	-0.000710265	0.0025573	0.00013828	0.02844	0.0609224	0.0305372	0.060581
0	16	0.012013	0.00993882	0.00314829	0.000750814	0.0271037	0.0509583	0.028251	0.0507762
0	17	0.00561129	-0.00640173	0.00329317	0.000330076	0.0273609	0.0469546	0.0281744	0.0468835
0	18	0.00353031	-0.00208098	0.00330634	0.000196129	0.0271999	0.0451772	0.0278463	0.0451479
0	19	0.00234754	-0.00118278	0.00325588	0.000123554	0.0272403	0.0452325	0.027914	0.0452029
0	20	0.0118858	0.0095383	0.00368738	0.000594292	0.0298685	0.0373137	0.0299628	0.0375713
0	21	0.00576618	-0.00611965	0.00378637	0.00027458	0.0319737	0.0342421	0.0316498	0.0347441
0	22	0.00373933	-0.00202686	0.00378423	0.000169969	0.0326474	0.0329253	0.0320999	0.033515
0	23	0.00250147	-0.00123786	0.00372846	0.00010876	0.0326234	0.0330204	0.0321322	0.0335978
0	24	0.00973433	0.00723287	0.0039787	0.000405597	0.0368014	0.0288374	0.035735	0.0296263
0	25	0.00477986	-0.00495448	0.00401075	0.000191194	0.0389741	0.0273608	0.0377656	0.0282078
0	26	0.00342303	-0.00135683	0.00398815	0.000131655	0.0396664	0.0263325	0.0383586	0.027237
0	27	0.0023782	-0.00104483	0.00392852	8.81E-05	0.0392193	0.0263465	0.0379166	0.027293
0	28	0.0067869	0.0044087	0.0040306	0.000242389	0.0418321	0.024252	0.0401509	0.0252945
0	29	0.00382117	-0.00296573	0.00402338	0.000131765	0.0430029	0.0231983	0.0412944	0.0242794
0	30	0.0031248	-0.00069637	0.00399343	0.00010416	0.0427991	0.0224704	0.0410022	0.023561
0	31	0.00245735	-0.000667453	0.00394388	7.93E-05	0.0416592	0.022527	0.0399112	0.0236253
0	32	0.00569906	0.00324171	0.00399873	0.000178095	0.0406302	0.0212863	0.0387985	0.0223982
0	33	0.00373197	-0.00196709	0.00399064	0.00011309	0.0399259	0.0200864	0.0380627	0.0213365
0	34	0.00322905	-0.00050292	0.00396824	9.50E-05	0.0386851	0.019542	0.0367903	0.0207317
0	35	0.00260079	-0.000628255	0.00392917	7.43E-05	0.0372824	0.0198951	0.0354884	0.0209226
0	36	0.00727053	0.00466974	0.00402199	0.000201959	0.0327812	0.0209547	0.0311252	0.0218851
0	37	0.00463682	-0.00263371	0.00403861	0.00012532	0.0302719	0.0210406	0.0287075	0.0221277
0	38	0.00380806	-0.000828766	0.00403254	0.000100212	0.0283925	0.0218879	0.0269514	0.0229292
0	39	0.00284078	-0.000967277	0.00400198	7.28E-05	0.0271683	0.0229847	0.0258872	0.0239134
0	40	0.0116155	0.00877468	0.00419232	0.000290386	0.021446	0.0314067	0.0213256	0.0318418
0	41	0.0059972	-0.00561825	0.00423634	0.000146273	0.0201846	0.0344895	0.0205187	0.0346453
0	42	0.00511812	-0.000879084	0.00425733	0.00012186	0.0197332	0.0369985	0.0202473	0.0370675
0	43	0.00392538	-0.00119274	0.00424961	9.13E-05	0.0204995	0.0382323	0.0210271	0.0382998
0	44	0.0028304	-0.00109498	0.00421736	6.43E-05	0.0206819	0.0393772	0.0212262	0.0394458
0	45	0.00112364	-0.00170676	0.00414861	2.50E-05	0.020799	0.039318	0.0212954	0.0394002
0	46	0.00134069	0.000217048	0.00408757	2.91E-05	0.021063	0.0391107	0.0215464	0.039144
0	47	0.00156575	0.000225061	0.00403391	3.33E-05	0.021353	0.0394062	0.0218022	0.039405
0	48	0	-0.00156575	0.00394987	0	0.021353	0.0394062	0.0218022	0.039405
