#DEATH	TIME	SPEED	ACCELERATION	AVG_SPEED	AVG_ACCELERATION	DC0	DC1	AVG_DIST_0	AVG_DIST_1
0	1	0.0527606	0.0527606	0.0527606	0.0527606	0.0649512	0.0973532	0.0714315	0.10383
0	2	0.0228303	-0.0299303	0.0377955	0.0114152	0.0730254	0.089314	0.0831196	0.0942495
0	3	0.0164037	-0.00642657	0.0306649	0.00546792	0.074386	0.090509	0.0841512	0.0954761
0	4	0.0258689	0.00946513	0.0294659	0.00646722	0.0708596	0.0936498	0.0786177	0.0994069
0	5	0.0139158	-0.0119531	0.0263559	0.00278315	0.0723802	0.0924115	0.0812614	0.0977136
0	6	0.0130185	-0.0008973	0.024133	0.00216974	0.0746154	0.092305	0.0839907	0.0967216
0	7	0.011045	-0.00197349	0.0222633	0.00157785	0.073149	0.0949213	0.0813039	0.0997625
0	8	0.0199165	0.00887151	0.0219699	0.00248956	0.0662992	0.100004	0.0715647	0.106674
0	9	0.009437	-0.0104795	0.0205774	0.00104855	0.0682674	0.0987493	0.0739987	0.10477
0	10	0.00848918	-0.000947817	0.0193685	0.000848918	0.0694194	0.0975485	0.0761049	0.103429
0	11	0.00770078	-0.000788403	0.0183078	0.000700071	0.069272	0.0983153	0.075378	0.10437
0	12	0.0171427	0.00944192	0.0182107	0.00142856	0.0612388	0.104366	0.0642507	0.112027
0	13	0.0087497	-0.008393	0.017483	0.000673054	0.0621264	0.101867	0.0662763	0.109398
0	14	0.00691688	-0.00183282	0.0167282	0.000494063	0.0638601	0.100615	0.0688117	0.107741
0	15	0.00640831	-0.000508573	0.0160403	0.00042722	0.0642512	0.100975	0.0690599	0.108048
0	16	0.0163817	0.00997342	0.0160616	0.00102386	0.0557633	0.108379	0.0568476	0.116961
0	17	0.00722248	-0.00915925	0.0155416	0.000424852	0.0558701	0.106483	0.0579688	0.115048
0	18	0.00640492	-0.000817562	0.0150341	0.000355829	0.056904	0.104569	0.0599503	0.112816
0	19	0.00573946	-0.000665454	0.0145449	0.000302077	0.0571537	0.104126	0.0604242	0.112429
0	20	0.0152732	0.00953374	0.0145813	0.00076366	0.0497408	0.112725	0.0491504	0.122287
0	21	0.00629211	-0.0089811	0.0141866	0.000299624	0.0492886	0.110784	0.0499745	0.12031
0	22	0.00541017	-0.000881939	0.0137876	0.000245917	0.0499539	0.108867	0.0516973	0.118315
0	23	0.00494619	-0.000463979	0.0134032	0.000215052	0.0502678	0.107932	0.0525023	0.11729
0	24	0.0130479	0.0081017	0.0133884	0.000543662	0.0444358	0.115887	0.0430294	0.126205
0	25	0.00563719	-0.00741069	0.0130784	0.000225488	0.0439369	0.113697	0.0440088	0.124018
0	26	0.00473361	-0.000903585	0.0127574	0.000182062	0.0439633	0.112068	0.0450665	0.1222
0	27	0.00456029	-0.000173321	0.0124538	0.0001689	0.0439185	0.11104	0.0456848	0.120911
0	28	0.011494	0.00693373	0.0124195	0.000410501	0.0395136	0.118031	0.0379579	0.128539
0	29	0.00524841	-0.00624561	0.0121723	0.00018098	0.0386879	0.115599	0.0392015	0.126192
0	30	0.00417674	-0.00107167	0.0119057	0.000139225	0.0384901	0.113538	0.0403107	0.124039
0	31	0.00413319	-4.35E-05	0.011655	0.000133328	0.0385094	0.111902	0.0414986	0.122337
0	32	0.0100706	0.00593742	0.0116055	0.000314706	0.0355822	0.118164	0.035504	0.128825
0	33	0.00525283	-0.00481777	0.011413	0.000159177	0.0342918	0.115271	0.0367183	0.125909
0	34	0.00390611	-0.00134672	0.0111922	0.000114885	0.0338653	0.112767	0.0380832	0.123444
0	35	0.00429885	0.000392742	0.0109953	0.000122825	0.033388	0.110903	0.0392514	0.121535
0	36	0.0088808	0.00458194	0.0109365	0.000246689	0.0319438	0.115369	0.0352543	0.12613
0	37	0.00612863	-0.00275217	0.0108066	0.000165638	0.0306472	0.110612	0.0380097	0.121378
0	38	0.00385395	-0.00227468	0.0106236	0.00010142	0.0299269	0.108161	0.0392785	0.118914
0	39	0.00408677	0.000232815	0.010456	0.000104789	0.0297221	0.105946	0.0408571	0.11665
0	40	0.00945814	0.00537138	0.0104311	0.000236454	0.0323846	0.109669	0.0401687	0.120303
0	41	0.00869438	-0.000763767	0.0103887	0.000212058	0.0327842	0.103033	0.0453878	0.113655
0	42	0.0048886	-0.00380578	0.0102577	0.000116395	0.0329119	0.0999893	0.0473238	0.110596
0	43	0.00472751	-0.000161083	0.0101291	0.000109942	0.0334574	0.0973077	0.0493604	0.10792
0	44	0.00333966	-0.00138785	0.00997482	7.59E-05	0.0344529	0.095174	0.0512085	0.105749
0	45	0.00212096	-0.0012187	0.00980029	4.71E-05	0.0345824	0.0953739	0.0512304	0.105885
0	46	0.00249665	0.000375691	0.00964152	5.43E-05	0.0348237	0.0951177	0.0514949	0.105626
0	47	0.00343249	0.00093584	0.00950941	7.30E-05	0.0352008	0.093358	0.0528318	0.103801
0	48	0	-0.00343249	0.0093113	0	0.0352008	0.093358	0.0528318	0.103801
