#DEATH	TIME	SPEED	ACCELERATION	AVG_SPEED	AVG_ACCELERATION	DC0	DC1	AVG_DIST_0	AVG_DIST_1
0	1	0.00488008	0.00488008	0.00488008	0.00488008	0.135858	0.0132499	0.128532	0.0307956
0	2	0.00175926	-0.00312082	0.00331967	0.000879629	0.136131	0.0133823	0.128805	0.0310787
0	3	0.00170746	-5.18E-05	0.00278227	0.000569154	0.135711	0.0134476	0.128385	0.0309908
0	4	0.0166977	0.0149902	0.00626112	0.00417442	0.121807	0.0213478	0.114678	0.0305212
0	5	0.00855733	-0.00814036	0.00672036	0.00171147	0.115549	0.0253059	0.1084	0.0313772
0	6	0.00514956	-0.00340777	0.00645856	0.00085826	0.114215	0.026432	0.1071	0.0317299
0	7	0.00536275	0.000213188	0.00630202	0.000766106	0.112763	0.0275758	0.10579	0.0327158
0	8	0.0305383	0.0251755	0.00933155	0.00381729	0.0842507	0.0517246	0.0785708	0.0447294
0	9	0.0110576	-0.0194807	0.00952334	0.00122862	0.0756696	0.0598111	0.070658	0.0501097
0	10	0.00593035	-0.00512726	0.00916404	0.000593035	0.0744977	0.0609924	0.0695205	0.0511197
0	11	0.00602626	9.59E-05	0.00887879	0.000547842	0.0737759	0.0616277	0.0689022	0.0517022
0	12	0.0274646	0.0214383	0.0104276	0.00228871	0.0527906	0.0868587	0.0507547	0.0718729
0	13	0.00953554	-0.017929	0.010359	0.000733503	0.0477253	0.0939901	0.0465415	0.0776992
0	14	0.00580966	-0.00372588	0.010034	0.000414976	0.0463569	0.095828	0.0456102	0.079347
0	15	0.00452149	-0.00128817	0.00966653	0.000301433	0.046987	0.0955791	0.0463404	0.0792142
0	16	0.0200075	0.015486	0.0103128	0.00125047	0.0373795	0.114899	0.0387994	0.0958871
0	17	0.00709493	-0.0129126	0.0101235	0.000417349	0.0355162	0.120364	0.0381277	0.100842
0	18	0.00419427	-0.00290065	0.00979415	0.000233015	0.0356813	0.121095	0.038313	0.101505
0	19	0.00384644	-0.000347835	0.00948111	0.000202444	0.0363297	0.121	0.0389464	0.10131
0	20	0.0142503	0.0104039	0.00971957	0.000712517	0.0333465	0.134896	0.0377058	0.114723
0	21	0.00500376	-0.00924658	0.00949501	0.000238273	0.0331649	0.138245	0.0379799	0.117921
0	22	0.00293146	-0.00207229	0.00919666	0.000133248	0.0333864	0.138198	0.0382932	0.117838
0	23	0.00272632	-0.000205139	0.00891534	0.000118536	0.033437	0.137446	0.038095	0.117071
0	24	0.00948681	0.00676049	0.00893916	0.000395284	0.0344225	0.146325	0.039733	0.125741
0	25	0.00383734	-0.00564947	0.00873508	0.000153494	0.0348703	0.148246	0.0404055	0.127585
0	26	0.00250175	-0.00133559	0.00849534	9.62E-05	0.0348822	0.14785	0.0404797	0.127142
0	27	0.0022851	-0.000216657	0.00826533	8.46E-05	0.0347894	0.147058	0.0403161	0.126298
0	28	0.00624369	0.00395859	0.00819313	0.00022299	0.0365074	0.152258	0.0420075	0.131284
0	29	0.00290953	-0.00333416	0.00801094	0.000100329	0.0368385	0.152581	0.0423624	0.131589
0	30	0.00222054	-0.000688981	0.00781792	7.40E-05	0.0364426	0.151507	0.0418903	0.13056
0	31	0.00218504	-3.55E-05	0.00763622	7.05E-05	0.0360747	0.150137	0.0414367	0.129221
0	32	0.00440951	0.00222447	0.00753538	0.000137797	0.0371274	0.153008	0.0428402	0.131894
0	33	0.00254733	-0.00186218	0.00738423	7.72E-05	0.037219	0.152193	0.0427911	0.131162
0	34	0.00251422	-3.31E-05	0.00724099	7.39E-05	0.0366941	0.150483	0.0421034	0.129478
0	35	0.00254061	2.64E-05	0.0071067	7.26E-05	0.0362997	0.148752	0.0415286	0.127762
0	36	0.00390983	0.00136923	0.0070179	0.000108606	0.0363854	0.149806	0.0417258	0.128689
0	37	0.00339479	-0.000515041	0.00691997	9.18E-05	0.0361866	0.147576	0.0412547	0.126615
0	38	0.00368119	0.0002864	0.00683474	9.69E-05	0.0358104	0.144432	0.0403556	0.123496
0	39	0.00390116	0.000219972	0.00675952	0.000100029	0.0356827	0.141217	0.0396374	0.12028
0	40	0.0061362	0.00223504	0.00674394	0.000153405	0.037891	0.14118	0.0414628	0.120428
0	41	0.0060216	-0.000114605	0.00672632	0.000146868	0.0394153	0.137244	0.042196	0.116857
0	42	0.00630838	0.000286776	0.00671637	0.000150199	0.0404042	0.132078	0.0423276	0.112082
0	43	0.00704083	0.000732459	0.00672392	0.00016374	0.0411266	0.125801	0.042172	0.106068
0	44	0.00541379	-0.00162705	0.00669414	0.00012304	0.0420807	0.121189	0.0423018	0.101554
0	45	0.00171785	-0.00369594	0.00658356	3.82E-05	0.0421728	0.120701	0.0422273	0.101047
0	46	0.00202711	0.000309261	0.0064845	4.41E-05	0.0420939	0.119344	0.042099	0.099675
0	47	0.00206046	3.33E-05	0.00639037	4.38E-05	0.0422985	0.117928	0.0421516	0.0982763
0	48	0	-0.00206046	0.00625724	0	0.0422985	0.117928	0.0421516	0.0982763
