#DEATH	TIME	SPEED	ACCELERATION	AVG_SPEED	AVG_ACCELERATION	DC0	DC1	AVG_DIST_0	AVG_DIST_1
0	1	0.00140581	0.00140581	0.00140581	0.00140581	0.03629	0.112925	0.0390761	0.145801
0	2	0.000308397	-0.00109742	0.000857106	0.000154199	0.0363967	0.113036	0.0391816	0.145912
0	3	0.000242733	-6.57E-05	0.000652315	8.09E-05	0.0363446	0.112985	0.0391266	0.14586
0	4	0.00073859	0.000495857	0.000673883	0.000184648	0.0368885	0.11353	0.0396585	0.146405
0	5	0.000269249	-0.00046934	0.000592957	5.38E-05	0.0369788	0.113621	0.0397484	0.146496
0	6	0.000154309	-0.00011494	0.000519849	2.57E-05	0.036983	0.113625	0.0397528	0.1465
0	7	0.000186829	3.25E-05	0.000472275	2.67E-05	0.0369505	0.113592	0.0397203	0.146468
0	8	0.000607108	0.000420279	0.000489129	7.59E-05	0.0372477	0.11389	0.0400167	0.146766
0	9	0.000282266	-0.000324841	0.000466144	3.14E-05	0.0373249	0.113968	0.0400936	0.146843
0	10	0.000154347	-0.000127919	0.000434965	1.54E-05	0.0373449	0.113988	0.0401136	0.146863
0	11	0.000205932	5.16E-05	0.000414143	1.87E-05	0.0372874	0.11393	0.0400562	0.146806
0	12	0.000616515	0.000410584	0.000431008	5.14E-05	0.0374137	0.114042	0.0401653	0.146918
0	13	0.000340876	-0.000275639	0.000424075	2.62E-05	0.0374754	0.114082	0.0402076	0.146957
0	14	0.000190665	-0.000150211	0.000407402	1.36E-05	0.0374408	0.114063	0.0401822	0.146938
0	15	0.00026325	7.26E-05	0.000397792	1.75E-05	0.037312	0.113944	0.0400768	0.146819
0	16	0.000714541	0.000451292	0.000417589	4.47E-05	0.0372172	0.113807	0.0399474	0.146683
0	17	0.000436537	-0.000278003	0.000418704	2.57E-05	0.0371112	0.113655	0.0398412	0.14653
0	18	0.000254422	-0.000182115	0.000409577	1.41E-05	0.036983	0.113548	0.0397159	0.146423
0	19	0.00032482	7.04E-05	0.000405116	1.71E-05	0.0367657	0.113338	0.0395112	0.146214
0	20	0.000979039	0.000654219	0.000433812	4.90E-05	0.0363426	0.112863	0.0390727	0.145738
0	21	0.000606896	-0.000372143	0.000442054	2.89E-05	0.0360142	0.112491	0.038744	0.145366
0	22	0.000329253	-0.000277643	0.000436927	1.50E-05	0.0357875	0.112262	0.0385207	0.145138
0	23	0.000433405	0.000104152	0.000436774	1.88E-05	0.0354687	0.111923	0.0382054	0.144799
0	24	0.00100061	0.000567208	0.000460267	4.17E-05	0.0349941	0.111347	0.0377223	0.144222
0	25	0.000525377	-0.000475236	0.000462872	2.10E-05	0.0347021	0.111013	0.0374373	0.143875
0	26	0.00035909	-0.000166288	0.00045888	1.38E-05	0.0344933	0.110765	0.0372382	0.143632
0	27	0.000530649	0.000171559	0.000461538	1.97E-05	0.0340697	0.110304	0.0368201	0.143174
0	28	0.00103947	0.000508822	0.000482178	3.71E-05	0.033567	0.109672	0.0363311	0.142521
0	29	0.000614665	-0.000424806	0.000486747	2.12E-05	0.0332096	0.109261	0.0359699	0.142098
0	30	0.000476891	-0.000137774	0.000486418	1.59E-05	0.0328938	0.108896	0.0356495	0.141734
0	31	0.000903502	0.000426611	0.000499873	2.91E-05	0.0322161	0.108092	0.0349835	0.140927
0	32	0.0013706	0.0004671	0.000527083	4.28E-05	0.0316017	0.10718	0.034309	0.140001
0	33	0.000897832	-0.00047277	0.000538318	2.72E-05	0.0311167	0.106466	0.0338095	0.139278
0	34	0.000931854	3.40E-05	0.000549893	2.74E-05	0.0305707	0.105638	0.0332841	0.138451
0	35	0.00173441	0.00080256	0.000583736	4.96E-05	0.029617	0.104022	0.0322906	0.13683
0	36	0.00232828	0.000593862	0.000632195	6.47E-05	0.0282029	0.102206	0.0308044	0.135
0	37	0.00228508	-4.32E-05	0.000676868	6.18E-05	0.0267964	0.10013	0.029341	0.132902
0	38	0.00215165	-0.000133432	0.000715678	5.66E-05	0.0261206	0.0981266	0.0284158	0.130891
0	39	0.00310431	0.000952658	0.000776924	7.96E-05	0.0256673	0.0951315	0.027638	0.127891
0	40	0.00321112	0.000106816	0.000837779	8.03E-05	0.0252127	0.0936774	0.0272148	0.126374
0	41	0.00381824	0.00060712	0.000910474	9.31E-05	0.0240064	0.0904394	0.0259409	0.123077
0	42	0.00345298	-0.000365259	0.00097101	8.22E-05	0.023733	0.0872154	0.0254563	0.119817
0	43	0.00497897	0.00152599	0.00106422	0.00011579	0.0241582	0.0826039	0.0256016	0.115056
0	44	0.00609292	0.00111395	0.00117851	0.000138476	0.0243216	0.0771496	0.0255327	0.10937
0	45	0.00139169	-0.00470124	0.00118324	3.09E-05	0.0244634	0.0762628	0.0256445	0.108452
0	46	0.000946289	-0.0004454	0.00117809	2.06E-05	0.0245655	0.0757574	0.0256897	0.107918
0	47	0.000638623	-0.000307667	0.00116661	1.36E-05	0.0245505	0.0756295	0.0256512	0.107766
0	48	0	-0.000638623	0.00114231	0	0.0245505	0.0756295	0.0256512	0.107766
