#DEATH	TIME	SPEED	ACCELERATION	AVG_SPEED	AVG_ACCELERATION	DC0	DC1	AVG_DIST_0	AVG_DIST_1
1	1	0.0510239	0.0510239	0.0510239	0.0510239	0.0598605	0.0956012	0.0705201	0.10172
1	2	0.0257214	-0.0253025	0.0383727	0.0128607	0.0659011	0.0904118	0.0777115	0.0954696
1	3	0.0204094	-0.00531199	0.0323849	0.00680314	0.0648806	0.0924516	0.0753313	0.0978357
1	4	0.0319115	0.0115021	0.0322666	0.00797788	0.0646538	0.0945113	0.0719183	0.100334
1	5	0.0193266	-0.0125849	0.0296786	0.00386532	0.0672604	0.094645	0.0749478	0.0993327
1	6	0.0126973	-0.00662935	0.0268484	0.00211621	0.0670661	0.0955622	0.0745596	0.100325
1	7	0.0111652	-0.00153206	0.0246079	0.00159503	0.0647438	0.100763	0.0694181	0.105986
1	8	0.0191872	0.00802198	0.0239303	0.0023984	0.0610873	0.105991	0.0627748	0.111857
1	9	0.0126872	-0.00650001	0.0226811	0.00140969	0.0617688	0.100932	0.0666907	0.106881
1	10	0.0105052	-0.00218198	0.0214635	0.00105052	0.0619475	0.101637	0.0663473	0.107432
1	11	0.00889407	-0.00161113	0.0203208	0.000808551	0.0629376	0.10279	0.0663499	0.108504
1	12	0.0155128	0.00661868	0.0199201	0.00129273	0.058617	0.105593	0.060972	0.111962
1	13	0.00932377	-0.00618898	0.019105	0.000717213	0.0568952	0.103566	0.0606133	0.110382
1	14	0.00650713	-0.00281664	0.0182052	0.000464796	0.0582706	0.103465	0.061663	0.110235
1	15	0.00673529	0.000228158	0.0174405	0.00044902	0.0578289	0.103279	0.0627307	0.109896
1	16	0.0146716	0.00793627	0.0172675	0.000916973	0.0530922	0.10729	0.0544016	0.115328
1	17	0.00748495	-0.00718661	0.016692	0.000440291	0.0510157	0.106602	0.0545784	0.114391
1	18	0.00569581	-0.00178914	0.0160811	0.000316434	0.0514931	0.105825	0.0558151	0.113388
1	19	0.00601681	0.000321003	0.0155514	0.000316674	0.0520302	0.104309	0.0569169	0.112143
1	20	0.0147865	0.00876969	0.0155132	0.000739325	0.0466107	0.109827	0.0484249	0.118756
1	21	0.00711454	-0.00767197	0.0151132	0.000338787	0.0458618	0.107811	0.0491314	0.11672
1	22	0.00599964	-0.0011149	0.014699	0.000272711	0.0462717	0.105243	0.0516083	0.114068
1	23	0.00596416	-3.55E-05	0.0143192	0.000259312	0.047623	0.103783	0.0534419	0.112302
1	24	0.012673	0.00670884	0.0142506	0.000528042	0.044248	0.109701	0.0461307	0.118882
1	25	0.0060263	-0.00664671	0.0139216	0.000241051	0.043432	0.108123	0.0461551	0.117657
1	26	0.00520035	-0.000825954	0.0135862	0.000200014	0.0432571	0.106867	0.0467214	0.116197
1	27	0.00677814	0.00157779	0.0133341	0.000251041	0.044076	0.103299	0.0498301	0.112534
1	28	0.0138359	0.00705773	0.013352	0.000494139	0.0394029	0.110393	0.0425535	0.120183
1	29	0.00592876	-0.00790711	0.013096	0.00020444	0.0375639	0.107346	0.0426376	0.117192
1	30	0.00559678	-0.000331977	0.012846	0.00018656	0.0368262	0.104855	0.0445421	0.114638
1	31	0.00600047	0.000403685	0.0126252	0.000193564	0.0379479	0.101819	0.0470426	0.111631
1	32	0.0125563	0.00655587	0.0126231	0.000392385	0.0344448	0.106274	0.0424134	0.116332
1	33	0.0068868	-0.00566953	0.0124492	0.000208691	0.03354	0.101731	0.0451901	0.111713
1	34	0.00498117	-0.00190563	0.0122296	0.000146505	0.0339244	0.098917	0.0473614	0.108829
1	35	0.00592961	0.00094844	0.0120496	0.000169418	0.0345395	0.0949718	0.0507308	0.104878
1	36	0.0124426	0.00651303	0.0120605	0.00034563	0.034435	0.0955339	0.049447	0.105644
1	37	0.00824152	-0.00420112	0.0119573	0.000222743	0.0350041	0.0894251	0.0541733	0.0991979
1	38	0.00484337	-0.00339815	0.0117701	0.000127458	0.0357745	0.0864697	0.0569869	0.0961878
1	39	0.00568747	0.000844107	0.0116141	0.000145832	0.0377223	0.0827523	0.0604838	0.09225
1	40	0.0115786	0.00589113	0.0116132	0.000289466	0.042566	0.0817964	0.0641144	0.090254
1	41	0.0104602	-0.0011184	0.0115851	0.000255127	0.0472113	0.0740681	0.0724754	0.0816604
1	42	0.00544102	-0.00501919	0.0114388	0.000129548	0.049783	0.0712106	0.0761595	0.0785662
1	43	0.00512742	-0.000313598	0.011292	0.000119242	0.0519659	0.0681305	0.0793656	0.0752537
1	44	0.00359427	-0.00153316	0.0111171	8.17E-05	0.0531046	0.0659564	0.081538	0.0730549
1	45	0.00269312	-0.000901154	0.0109299	5.98E-05	0.0542085	0.0656643	0.0823094	0.0725692
1	46	0.00321046	0.000517348	0.0107621	6.98E-05	0.0553455	0.0647665	0.0833136	0.0714987
1	47	0.00379302	0.000582558	0.0106138	8.07E-05	0.0558066	0.0637227	0.0848754	0.0703817
1	48	0	-0.00379302	0.0103927	0	0.0558066	0.0637227	0.0848754	0.0703817
