0	0	0	0	0	0	0	0	0	0	0	0	0	0	0	0	0	0	0	0	0	0	0	0	0	0	0	0	0	0	0	0	0	0	0	0	0	0	0	0
0	0	0	0	0	0	0	0	0	0	0	0	0	0	0	0	0	0	0	0	0	1	0	0	0	0	1	0	0	0	1	0	0	0	0	0	0	0	0	0
0	0	0	0	0	0	0	0	0	0	0	0	0	0	0	0	0	0	0	0	0	0	0	1	1	0	1	0	0	0	1	0	0	0	0	0	0	0	0	0
0	0	0	0	0	0	0	0	0	0	0	0	0	0	0	0	0	0	0	0	0	0	0	0	0.3333333333	0	1	0	1	1	0	0	0	0	0	0	0	0	0	0
0	0	0	0	0	0	0	0	0	0	0	0	0	0	0	0	1	-1	0	1	0	0	0	-1	1	0	1	1	0	1	0	0	1	1	1	0	0	0	0	0
0	0	0	0	0	0	0	0	0	0	0	0	0	0	0	0	-1	0	0	0	0	0	0	0	0	1	1	1	1	0	0	0	0	1	0	0	0	0	0	0
0	0	0	0	0	0	0	0	0	0	0	0	0	0	0	0	0	1	0	0	0	1	0	1	0.3333333333	0	-1	-0.3333333333	1	1	1	0	0	0	0	0	0	0	0	0
0	0	0	0	0	0	0	0	0	0	0	0	0	-1	0	0	1	0	0	0	0	-1	-1	0	0	0.5	0	1	1	1	1	0	0	0	0	0	0	0	0	0
0	0	0	0	0	0	0	0	0	0	0	0	0	0	0	-1	-1	1	0	0	-0.2	1	-1	0.3333333333	-1	1	0	1	1	1	0	0	0	0	0	0	0	0	0	0
0	0	0	0	0	0	0	0	0	0	0	0	-1	0	0	0	0	0	-1	-1	0.3333333333	-1	-0.5	0	1	0	0	0.6	0	0	0	1	1	1	0	0	0	0	0	0
0	0	0	0	0	0	0	0	0	0	0	0	-1	0	-1	0	0	-1	0	-0.5	0.3333333333	0	-0.3333333333	0.2	0	0.1428571429	0.5	1	1	0	0	0	0	1	0	0	0	0	0	0
0	0	0	0	0	0	0	0	0	0	0	0	-1	0	0	0	0	-1	-1	-1	-1	-0.5	-0.2	-0.3333333333	0	1	-1	0.3333333333	0.3333333333	1	0	1	0	0	0	0	0	0	0	0
0	0	0	0	0	0	0	0	0	0	0	0	-1	0	-1	1	-1	0	-1	-0.3333333333	-1	-1	-1	0.2	0	1	0	1	1	0	1	0	0	1	0	0	0	0	0	0
0	0	0	0	0	0	0	0	0	0	-1	0	-1	-1	-1	0	0	-1	-1	-0.6666666667	-0.3333333333	-0.6666666667	-0.6666666667	-0.2	0	1	0	0	1	0	-1	0	0	1	0	0	0	0	0	0
0	0	0	0	0	0	0	0	0	0	-1	-1	1	-1	-1	-0.5	-1	0	-1	-1	-0.6	-0.3333333333	-1	-1	0.3333333333	1	-1	0.6	0	0	0	0	0	1	0	0	0	0	0	1
0	0	0	0	0	0	0	0	0	0	0	0	-1	-1	-1	-0.6	-1	0.1111111111	-1	-0.5555555556	1	-0.75	0.5	-1	-0.2	0	1	1	1	0	0	0.3333333333	0	0	0	0	0	0	0	0
0	0	0	0	0	0	0	0	-1	0	1	-1	0	-1	-1	-1	-1	-0.6	-1	-1	-0.6666666667	-0.5	-1	-0.7142857143	0	-1	1	0.3333333333	0	1	-1	1	1	0	0	0	1	0	0	0
0	0	0	0	0	0	0	-1	0	0	-1	-1	-0.3333333333	-1	-1	-0.7142857143	-0.6	-1	-1	-0.7142857143	-1	0	-1	-0.5	0.3333333333	-0.5	1	-0.3333333333	0	0	0	1	0	1	0	0	0	-1	0	0
0	0	0	0	0	0	-1	-1	-1	-1	-1	-1	-1	-1	-1	-0.5	-1	-1	-1	-1	-1	-1	-0.7142857143	-0.6	0.3333333333	-1	-1	-1	0	0	1	0	1	0	0	0	0	0	0	0
0	0	0	0	0	0	-1	0	-1	-1	-1	-1	-1	-1	-1	-1	-1	-1	-0.6	-0.7142857143	-1	-1	-1	-0.5	-0.6	1	0	-1	1	0	0	0	0	0	0	0	0	0	0	0
0	0	0	0	0	-1	-1	0	-1	0	-0.5	-1	-1	-1	-1	-1	-1	-1	-1	-1	-1	-1	-0.5	-1	-1	-1	0	-0.3333333333	-1	0	0	0	-1	0	0	0	0	0	0	0
0	0	0	0	-1	-1	-1	-1	-1	-1	-1	-1	0	-1	-1	-1	0	-1	-1	-1	-0.3333333333	-1	-1	-1	-1	-1	1	1	0	-1	-1	0	-1	0	0	0	0	1	0	0
0	0	0	0	0	-1	0	0	-1	-1	-1	-1	-1	-1	-0.5	-1	-1	-1	-1	-0.6	-1	-1	-1	-1	0	0	0	0	0	1	-1	-1	0	0	1	0	0	0	1	0
0	0	0	-1	0	-1	-1	-1	-1	-1	-1	-1	-1	-1	-1	-1	-1	-1	-1	-1	-1	-1	-1	-1	-1	0	0	0	0	0	-1	0	-1	0	0	0	0	0	0	0
0	0	0	0	-1	-1	-1	-1	-1	-1	-0.5	-1	-1	-1	-1	-1	-1	-1	-1	-1	-0.6666666667	0	1	0	-1	0	-1	0	0	1	0	1	0	0	-0.3333333333	0	0	1	0	0
0	-1	-1	-1	-1	-1	0	-1	-1	-1	-1	-1	-1	-1	-1	-1	-1	-1	-1	-1	-1	-1	-1	0	-1	0	-1	0	0	0	0	-1	0	0	0	0	1	1	0	0
0	0	0	-1	-1	0	-1	0	-1	-1	-1	-1	-1	-1	-1	-1	-1	1	-1	-1	0	-1	0	-1	-1	-1	0	-1	0	0	0	0	0	0	0	-1	-0.2	-1	0	0
0	0	-1	0	0	0	0	-1	-1	-1	-1	-1	-1	-1	-1	-1	0	-1	-1	-1	0	-1	0	0	-1	0	0	0	0	0	0	0	0	0	0	0	0	0	0	0
0	0	-1	-1	-1	-1	-1	-1	-1	-1	-1	-1	-1	-1	-1	-1	-1	-1	-1	-1	-1	0	-1	-1	-1	0	0	0	-1	0	0	0	0	0	0	0	0	0	0	0
0	0	0	0	-1	-1	-1	-1	-1	-1	-1	-0.3333333333	-1	-1	-1	-1	-1	0	-1	-1	0	-1	0	0	0	0	0	0	0	0	0	0	0	0	0	0	0	0	0	0
0	0	0	0	-1	0	-1	0	0	-1	-1	-1	-1	0	0	-1	-1	-1	-1	0	-1	-1	-1	0	0	0	0	0	0	0	0	0	0	0	0	0	0	0	0	0
0	0	0	-1	-1	0	-1	-1	-1	0	-1	-1	-1	0	-1	0	-1	0	-1	1	-1	-1	-1	0	0	0	0	0	0	0	0	0	0	0	0	0	0	0	0	0
0	0	0	-1	0	0	-1	-1	-1	0	0	0	-1	-1	-1	0	-1	-1	-1	0	0	0	0	0	0	0	0	0	0	0	0	0	0	0	0	0	0	0	0	0
0	0	0	-1	0	0	-1	-1	-1	0	-1	-1	-1	-1	0	0	-1	-1	0	-1	-1	0	0	0	0	0	0	0	0	0	0	0	0	0	0	0	0	0	0	0
0	0	0	0	0	0	-1	0	-1	-1	0	0	-1	-1	0	-1	-1	0	0	-1	0	0	0	0	0	0	0	0	0	0	0	0	0	0	0	0	0	0	0	0
0	0	0	0	0	0	-1	0	-1	-1	-1	0	-1	-1	-1	0	0	0	0	0	0	0	0	0	0	0	0	0	0	0	0	0	0	0	0	0	0	0	0	0
0	0	0	0	0	0	0	0	0	0	0	0	-1	-1	-1	0	0	0	0	0	0	0	0	0	0	0	0	0	0	0	0	0	0	0	0	0	0	0	0	0
0	0	0	0	0	0	-1	-1	0	0	-1	-1	-1	0	0	0	0	0	0	0	0	0	0	0	0	0	0	0	0	0	0	0	0	0	0	0	0	0	0	0
0	0	0	0	0	0	0	-1	0	0	0	-1	-1	0	0	0	0	0	0	0	0	0	0	0	0	0	0	0	0	0	0	0	0	0	0	0	0	0	0	0
0	0	0	-1	0	0	0	0	0	0	0	0	0	0	0	0	0	0	0	0	0	0	0	0	0	0	0	0	0	0	0	0	0	0	0	0	0	0	0	0
