#DEATH	TIME	SPEED	ACCELERATION	AVG_SPEED	AVG_ACCELERATION	DC0	DC1	AVG_DIST_0	AVG_DIST_1
0	1	0.907115	0.907115	0.907115	0.907115	9.18997	11.6997	15.6956	19.981
0	2	1.04611	0.138999	0.976615	0.523057	8.97341	11.4552	15.434	19.7315
0	3	1.21914	0.173026	1.05746	0.40638	8.70923	11.1704	15.1408	19.4513
0	4	1.09291	-0.126235	1.06632	0.273226	8.55405	11.0105	14.9785	19.2919
0	5	1.07968	-0.0132218	1.06899	0.215937	8.54501	10.9929	14.9506	19.2663
0	6	1.18069	0.101043	1.08746	0.196781	8.48161	10.9303	14.8908	19.2023
0	7	1.16485	-0.0158347	1.09852	0.166408	8.40637	10.8593	14.8155	19.1297
0	8	1.03798	-0.126873	1.09095	0.129748	8.28398	10.7483	14.7122	19.0299
0	9	1.02728	-0.0107031	1.08387	0.114142	8.20672	10.6861	14.6412	18.958
0	10	1.1011	0.0738189	1.0856	0.11011	8.17486	10.6674	14.6233	18.9398
0	11	0.982213	-0.118884	1.0762	0.0892921	8.15063	10.6479	14.606	18.9228
0	12	0.958626	-0.0235645	1.06626	0.0798855	8.13497	10.6407	14.5857	18.8992
0	13	1.10964	0.151012	1.0696	0.0853567	8.15628	10.6691	14.6079	18.9237
0	14	0.993311	-0.116327	1.06415	0.0709508	8.19817	10.6971	14.6106	18.9243
0	15	1.01681	0.0235041	1.061	0.0677877	8.1845	10.6849	14.5943	18.9088
0	16	0.999269	-0.017546	1.05714	0.0624543	8.18398	10.6923	14.5958	18.912
0	17	1.02482	0.025551	1.05524	0.0602835	8.06073	10.578	14.4754	18.7942
0	18	1.05562	0.0307998	1.05526	0.0586455	8.15111	10.6764	14.5685	18.8859
0	19	0.98368	-0.0719399	1.05148	0.0517726	8.13895	10.6546	14.5328	18.8467
0	20	1.03256	0.048885	1.05053	0.0516282	8.15518	10.6701	14.5449	18.8589
0	21	1.00884	-0.0237214	1.04855	0.0480402	8.24385	10.7606	14.6377	18.9502
0	22	1.11863	0.109783	1.05171	0.0508467	8.34691	10.8592	14.7263	19.0357
0	23	0.913243	-0.205383	1.04569	0.0397062	8.38129	10.894	14.7539	19.0632
0	24	0.934046	0.0208026	1.04104	0.0389186	8.41075	10.9217	14.7766	19.0808
0	25	0.901098	-0.032948	1.03529	0.0360439	8.35409	10.8752	14.7254	19.0272
0	26	0.942577	0.0414789	1.03173	0.036253	8.29367	10.8208	14.6661	18.9691
0	27	0.863375	-0.0792019	1.02549	0.0319768	8.28206	10.8131	14.6505	18.9543
0	28	0.902804	0.0394287	1.02111	0.032243	8.25026	10.7824	14.6097	18.9147
0	29	0.900327	-0.00247654	1.01694	0.0310458	8.27596	10.8164	14.6391	18.9433
0	30	0.970021	0.0696934	1.01538	0.032334	8.24136	10.8036	14.6161	18.9208
0	31	1.09705	0.127032	1.01789	0.0353888	8.28052	10.837	14.6439	18.9464
0	32	1.09454	-0.00251516	1.02028	0.0342043	8.21737	10.7772	14.5783	18.882
0	33	1.00521	-0.0893303	1.01793	0.0304608	8.11492	10.6729	14.4456	18.736
0	34	1.10667	0.101458	1.01975	0.032549	8.03396	10.5934	14.3469	18.6311
0	35	0.902171	-0.204495	1.01639	0.0257763	8.00914	10.5663	14.3102	18.5911
0	36	0.948246	0.0460752	1.0145	0.0263402	7.93594	10.5154	14.2569	18.5391
0	37	0.951278	0.0030321	1.01179	0.0257102	7.88283	10.4703	14.1983	18.4719
0	38	0.910167	-0.041111	1.00818	0.0239518	7.92323	10.4969	14.2133	18.4789
0	39	0.910135	-3.20E-05	1.0051	0.0233368	7.89042	10.4642	14.1765	18.4349
0	40	0.883804	-0.0260571	1.00172	0.0220951	7.88655	10.4478	14.1455	18.3965
0	41	0.917305	0.0335009	0.99946	0.0223733	7.88537	10.448	14.1461	18.3846
0	42	1.04268	0.125371	0.995877	0.0248256	7.82231	10.378	14.0615	18.2749
0	43	0.994824	-0.0444092	0.994494	0.0231354	7.78819	10.323	13.9827	18.1724
0	44	0.922941	-0.0708988	0.989091	0.0209759	7.75475	10.2836	13.9295	18.0996
0	45	0.966695	0.0483541	0.97782	0.0214821	7.54623	10.0289	13.6222	17.7292
0	46	0.761786	-0.201879	0.96145	0.0165606	7.45531	9.90877	13.4585	17.5061
0	47	0.660854	-0.078802	0.892903	0.0140607	7.03529	9.3017	12.5915	16.3555
0	48	0.00457085	-0.0132855	0.0213922	9.52E-05	0.166186	0.208732	0.28525	0.363614
