#DEATH	TIME	SPEED	ACCELERATION	AVG_SPEED	AVG_ACCELERATION	DC0	DC1	AVG_DIST_0	AVG_DIST_1
0	1	1.78319	1.78319	1.78319	1.78319	10.0469	10.7395	15.4124	16.6322
0	2	2.06175	0.278555	1.92247	1.03087	9.22242	9.84682	14.5932	15.836
0	3	1.5678	-0.493946	1.80425	0.522601	8.88697	9.4577	14.2253	15.4794
0	4	1.53918	-0.0286193	1.73798	0.384796	8.45367	9.00338	13.7972	15.0616
0	5	1.40614	-0.133042	1.67161	0.281228	8.02094	8.54884	13.381	14.6561
0	6	1.39071	-0.0154352	1.6248	0.231784	7.81246	8.34403	13.2045	14.4859
0	7	1.10075	-0.289952	1.54993	0.15725	7.72597	8.24884	13.1143	14.3989
0	8	1.10945	0.0086958	1.49487	0.138681	7.57676	8.09838	12.9751	14.2628
0	9	1.21451	0.105176	1.46257	0.134945	7.51638	8.04583	12.9174	14.2052
0	10	1.0611	-0.153408	1.42243	0.10611	7.3788	7.91563	12.7856	14.0758
0	11	0.94971	-0.111387	1.37945	0.0863373	7.30404	7.84173	12.7109	14.0034
0	12	0.941592	-0.00811792	1.34296	0.078466	7.24542	7.78531	12.6543	13.9487
0	13	1.10218	0.160588	1.32444	0.0847831	7.07805	7.62416	12.4974	13.7933
0	14	1.09532	-0.00685807	1.30808	0.0782373	7.01547	7.56078	12.4334	13.7317
0	15	1.02574	-0.0695795	1.28925	0.0683828	7.09113	7.65103	12.5165	13.8137
0	16	0.974878	-0.0494462	1.26886	0.0609299	7.03045	7.59334	12.4538	13.7504
0	17	1.04335	0.0684731	1.25559	0.0613736	6.92153	7.49738	12.3619	13.6601
0	18	0.983812	-0.0595392	1.24049	0.0546562	6.88509	7.45669	12.3146	13.6139
0	19	0.977085	-0.00593092	1.22501	0.0514255	6.80213	7.37837	12.2285	13.5287
0	20	0.969621	-0.00746406	1.21224	0.048481	6.74842	7.32214	12.1625	13.4645
0	21	0.905453	-0.0641673	1.19763	0.0431168	6.75516	7.33865	12.1698	13.4707
0	22	0.974478	0.0690251	1.18749	0.0442945	6.72215	7.31301	12.1459	13.4479
0	23	1.01767	0.0431952	1.1801	0.0442467	6.703	7.29906	12.1264	13.4292
0	24	0.942236	-0.0754379	1.17019	0.0392598	6.63501	7.23019	12.0489	13.3521
0	25	0.919375	-0.0228609	1.16016	0.036775	6.63982	7.24324	12.0603	13.3644
0	26	0.978028	0.0586531	1.15315	0.0376165	6.67428	7.27631	12.0934	13.3987
0	27	1.05567	0.0785324	1.14874	0.0390988	6.71124	7.30456	12.1109	13.4159
0	28	1.0303	-0.025369	1.14451	0.0367964	6.52444	7.11602	11.9281	13.2361
0	29	0.8883	-0.141998	1.13567	0.030631	6.50352	7.08726	11.8863	13.1958
0	30	0.971881	0.083581	1.13021	0.032396	6.51182	7.10667	11.8972	13.2059
0	31	0.951608	-0.0202728	1.12445	0.030697	6.49443	7.09544	11.8806	13.19
0	32	0.872344	-0.0792634	1.11657	0.0272608	6.46156	7.08011	11.8628	13.1728
0	33	1.00002	0.127671	1.11304	0.0303035	6.41553	7.04388	11.8255	13.1366
0	34	1.02033	0.0203125	1.11031	0.0300096	6.41422	7.04529	11.8175	13.1288
0	35	0.89744	-0.122887	1.10422	0.0256412	6.4435	7.07699	11.8249	13.1348
0	36	0.918326	0.0208855	1.09906	0.0255091	6.40079	7.03551	11.7778	13.0896
0	37	0.929062	0.0107363	1.09447	0.0251098	6.36568	7.00078	11.7402	13.0532
0	38	1.00817	0.079459	1.09195	0.0265308	6.41048	7.05492	11.7817	13.0916
0	39	1.00404	-0.0041308	1.08891	0.0257446	6.4488	7.09169	11.8071	13.1144
0	40	1.02217	0.018126	1.08724	0.0255541	6.43406	7.08488	11.8025	13.1089
0	41	1.04413	0.0219662	1.08619	0.0254666	6.38298	7.03464	11.751	13.0582
0	42	0.925272	-0.118752	1.08096	0.0220303	6.36862	7.01255	11.72	13.025
0	43	1.11655	0.191278	1.08178	0.0259663	6.3809	7.02883	11.7289	13.0324
0	44	0.975886	-0.140077	1.0754	0.0221792	6.34138	6.99223	11.6735	12.9724
0	45	1.05722	0.0825393	1.07269	0.0234939	6.2086	6.86908	11.5407	12.8375
0	46	0.95224	-0.1031	1.06788	0.0207009	6.20614	6.86388	11.5145	12.8046
0	47	0.689336	-0.243426	0.993325	0.0146667	5.86279	6.45841	10.8324	12.0475
0	48	0.00179437	-0.0176572	0.0177796	3.74E-05	0.0912818	0.100778	0.163145	0.179824
