#DEATH	TIME	SPEED	ACCELERATION	AVG_SPEED	AVG_ACCELERATION	DC0	DC1	AVG_DIST_0	AVG_DIST_1
1	1	1.61361	1.61361	1.61361	1.61361	10.1695	10.5205	15.2408	16.4661
1	2	2.37567	0.762058	1.99464	1.18784	9.62108	9.88593	14.6599	15.9055
1	3	1.48283	-0.892837	1.82404	0.494278	9.41971	9.61944	14.4142	15.6675
1	4	1.48122	-0.00160977	1.73834	0.370306	9.14315	9.3167	14.171	15.4328
1	5	1.31177	-0.169458	1.65302	0.262353	8.96687	9.12814	13.9864	15.2537
1	6	1.48013	0.168362	1.62421	0.246688	9.20688	9.35789	14.2189	15.4891
1	7	1.10522	-0.374905	1.55007	0.157889	9.00772	9.13644	14.0127	15.286
1	8	1.07245	-0.0327702	1.49036	0.134057	8.84575	8.98453	13.8744	15.1512
1	9	0.977209	-0.0952443	1.43335	0.108579	8.7517	8.89678	13.812	15.0896
1	10	0.934736	-0.0424727	1.38349	0.0934736	8.58954	8.72665	13.6521	14.9339
1	11	0.814494	-0.120242	1.33176	0.0740449	8.65407	8.78631	13.6955	14.9772
1	12	0.963514	0.149019	1.30107	0.0802928	8.78562	8.94228	13.8426	15.1189
1	13	0.944559	-0.0189544	1.27365	0.0726584	8.75439	8.91218	13.7939	15.0687
1	14	2.33269	1.38813	1.34929	0.16662	9.89691	10.031	14.9065	16.1843
1	15	1.22094	-1.11174	1.34074	0.0813962	10.2951	10.4297	15.3047	16.5846
1	16	1.19781	-0.0231288	1.3318	0.0748633	9.98075	10.1252	14.9818	16.2624
1	17	1.67086	0.473048	1.35175	0.0982859	9.00204	9.15211	14.0129	15.2971
1	18	1.26193	-0.408928	1.34676	0.0701074	9.43345	9.59971	14.4771	15.7576
1	19	0.849195	-0.412738	1.32057	0.0446945	9.22011	9.37597	14.2419	15.5251
1	20	0.9266	0.0774055	1.30087	0.04633	9.20984	9.36155	14.2079	15.4906
1	21	1.00265	0.076051	1.28667	0.0477453	9.40287	9.54989	14.383	15.6639
1	22	1.24384	0.241186	1.28472	0.0565381	9.80744	9.96386	14.8127	16.0919
1	23	0.839115	-0.404723	1.26535	0.0364833	9.80578	9.9648	14.7949	16.0727
1	24	1.00606	0.166946	1.25455	0.0419192	9.78514	9.95103	14.8078	16.0873
1	25	1.02831	0.0222532	1.2455	0.0411326	9.59208	9.77415	14.6474	15.9307
1	26	1.2952	0.266883	1.24741	0.0498153	9.779	9.95033	14.8229	16.1092
1	27	1.23489	-0.0603088	1.24695	0.0457366	10.0016	10.1804	15.0459	16.3321
1	28	1.14781	-0.0870767	1.2434	0.0409933	9.67597	9.85968	14.713	16.0015
1	29	1.42206	0.274244	1.24957	0.0490364	9.07892	9.25049	14.1107	15.3991
1	30	1.01315	-0.408902	1.24168	0.0337718	9.26161	9.40719	14.2715	15.5596
1	31	0.983847	-0.029307	1.23337	0.031737	9.11926	9.28435	14.148	15.4337
1	32	0.895157	-0.0886898	1.2228	0.0279737	9.1904	9.3773	14.2493	15.5343
1	33	0.890309	-0.00484851	1.21272	0.026979	9.14457	9.32553	14.1903	15.4765
1	34	0.835571	-0.0547374	1.20163	0.0245756	9.12129	9.30672	14.1555	15.441
1	35	0.829628	-0.00594309	1.191	0.0237037	9.19446	9.38057	14.2178	15.5048
1	36	1.11605	0.28642	1.18892	0.0310013	8.98841	9.17364	14.0065	15.2951
1	37	0.859311	-0.256736	1.18001	0.0232246	8.77361	8.94488	13.799	15.093
1	38	1.08108	0.221765	1.17741	0.0284494	8.66148	8.83011	13.6851	14.98
1	39	0.94811	-0.132967	1.17153	0.0243105	8.61056	8.79624	13.6311	14.9255
1	40	1.01984	0.0798837	1.16128	0.0254961	8.35266	8.55894	13.3432	14.6278
1	41	0.892921	-0.126924	1.15473	0.0217786	8.20592	8.40898	13.2069	14.4939
1	42	0.916104	0.0231825	1.14905	0.021812	7.99574	8.17638	12.9865	14.2778
1	43	0.78343	-0.132674	1.12503	0.0182193	7.91521	8.08287	12.8837	14.1645
1	44	0.877354	0.0939236	1.1194	0.0199399	7.76072	7.92831	12.7204	14.002
1	45	0.800696	-0.0766576	1.11232	0.0177932	7.67006	7.84432	12.6278	13.9086
1	46	0.961937	0.161241	1.10905	0.0209117	7.46465	7.64974	12.428	13.7126
1	47	0.71147	-0.230642	1.07731	0.0151377	7.2966	7.46336	12.0694	13.3095
1	48	0.00392869	-0.00749902	0.0305851	8.18E-05	0.135312	0.137845	0.260723	0.294526
