#DEATH	TIME	SPEED	ACCELERATION	AVG_SPEED	AVG_ACCELERATION	DC0	DC1	AVG_DIST_0	AVG_DIST_1
1	1	0.923548	0.923548	0.923548	0.923548	11.6486	13.4376	17.7734	21.9644
1	2	1.58941	0.665857	1.25648	0.794703	11.305	13.0291	17.3454	21.5507
1	3	1.07333	-0.516075	1.19543	0.357777	11.1824	12.8788	17.193	21.4046
1	4	0.958225	-0.115106	1.13613	0.239556	11.2064	12.8908	17.2005	21.4129
1	5	0.924807	-0.0334175	1.09386	0.184961	11.0834	12.7449	17.0345	21.2534
1	6	0.925995	0.00118831	1.06589	0.154333	10.966	12.6221	16.9006	21.124
1	7	0.856595	-0.0694007	1.03599	0.122371	10.8395	12.5113	16.7787	21.0083
1	8	1.02856	0.17196	1.03506	0.128569	10.616	12.3189	16.5905	20.8263
1	9	0.956976	-0.0715794	1.02638	0.106331	10.62	12.3136	16.5865	20.8251
1	10	1.09484	0.137864	1.03323	0.109484	10.7837	12.4716	16.7423	20.9783
1	11	0.985007	-0.109833	1.02884	0.0895461	10.8397	12.5356	16.8041	21.0388
1	12	0.983818	-0.00118853	1.02509	0.0819848	10.8703	12.57	16.8178	21.0548
1	13	0.725764	-0.258054	1.00207	0.055828	10.8639	12.5629	16.8008	21.0396
1	14	0.781206	0.0554419	0.986291	0.0558004	10.9381	12.6355	16.8517	21.0892
1	15	0.728334	-0.0528725	0.969094	0.0485556	10.9291	12.6172	16.8175	21.0565
1	16	0.692426	-0.0359079	0.951802	0.0432766	10.8785	12.5777	16.7758	21.0165
1	17	1.23987	0.54744	0.968747	0.0729333	11.2761	12.9834	17.1729	21.4112
1	18	0.830188	-0.409678	0.961049	0.0461216	11.4107	13.1062	17.2954	21.5313
1	19	1.09742	0.267228	0.968226	0.0577587	11.7	13.378	17.5619	21.7961
1	20	2.23312	1.1357	1.03147	0.111656	11.7222	13.419	17.5863	21.8217
1	21	0.702851	-1.53027	1.01582	0.0334691	11.7273	13.4327	17.5915	21.8259
1	22	0.705518	0.00266681	1.00172	0.032069	11.6828	13.3963	17.5576	21.7922
1	23	0.769534	0.0640159	0.991623	0.033458	11.6841	13.4072	17.5583	21.7919
1	24	1.40082	0.631286	1.00867	0.0583675	12.3379	14.0744	18.2133	22.4411
1	25	1.08075	-0.320074	1.01156	0.0432298	12.6002	14.336	18.4631	22.6917
1	26	1.08827	0.00752141	1.01451	0.0418564	12.742	14.4633	18.579	22.8083
1	27	1.06297	-0.0252929	1.0163	0.0393694	12.6551	14.4245	18.5499	22.7838
1	28	0.883241	-0.179733	1.01155	0.0315443	12.6902	14.4574	18.5973	22.8304
1	29	0.82878	-0.0544615	1.00525	0.0285786	12.7327	14.4703	18.6137	22.8465
1	30	0.701492	-0.127288	0.995121	0.0233831	12.7507	14.4832	18.6187	22.852
1	31	0.652238	-0.0492539	0.984061	0.0210399	12.7193	14.4566	18.57	22.8062
1	32	0.803767	0.151529	0.978426	0.0251177	12.5587	14.3046	18.4077	22.6459
1	33	0.954276	0.150509	0.977695	0.0289175	12.4019	14.166	18.2653	22.5056
1	34	0.759075	-0.195201	0.971265	0.0223257	12.4373	14.1801	18.2638	22.5044
1	35	0.736226	-0.0196613	0.962115	0.021035	12.3599	14.0836	18.1659	22.3923
1	36	0.664444	-0.0717819	0.953847	0.0184568	12.3596	14.0867	18.1761	22.4018
1	37	1.14708	0.482632	0.959069	0.0310021	12.7721	14.4775	18.5674	22.785
1	38	0.859701	-0.287376	0.956454	0.0226237	12.8397	14.5448	18.6286	22.8451
1	39	0.67223	-0.18747	0.949166	0.0172367	12.8012	14.5155	18.5956	22.814
1	40	1.01396	0.341725	0.950786	0.0253489	12.5257	14.2384	18.3069	22.5278
1	41	0.642872	-0.36483	0.939171	0.0156798	12.4863	14.1878	18.2376	22.444
1	42	0.675706	0.0328341	0.932898	0.0160882	12.4951	14.1745	18.2381	22.4431
1	43	1.1321	0.456689	0.934013	0.026328	12.1616	13.8486	17.9268	22.1143
1	44	0.952439	-0.179151	0.933123	0.0216463	11.8334	13.5218	17.5904	21.7643
1	45	0.68782	-0.264619	0.927671	0.0152849	11.8611	13.5561	17.6193	21.7912
1	46	0.698015	0.0101947	0.921557	0.0151742	11.7311	13.4463	17.4768	21.6352
1	47	0.523639	-0.148791	0.885822	0.0111413	11.5125	13.1342	17.0588	21.0743
1	48	0.00837313	-0.00669924	0.0457627	0.00017444	0.893457	0.867151	0.969698	1.03299
