0	0	0	0	0	0	0	0	0	0	0	0	0	0	0	0	0	0	0	0	0	0	0	0	0	0	0	0	0	0	0	0	0	0	0	0	0	0	0	0
0	0	0	0	0	0	0	0	0	0	0	0	0	0	1	0	0	0	0	0	0	0	0	0	0	0	0	0	-1	0	0	0	0	0	0	0	0	0	0	0
0	0	0	0	0	0	0	0	0	0	0	0	0	1	-1	0	0	0	0	0	0	0	0	0	0	0	0	0	-1	0	-1	-1	0	1	0	0	0	0	0	0
0	0	0	0	0	0	0	0	0	0	0	0	0	0	-0.3333333333	-1	-1	0	0	0	0	0	0	0	0	0	0	0	-1	0	0	-1	0	-1	0	0	0	0	0	0
0	0	0	0	0	0	0	0	0	0	0	0	0	0	-1	-1	0	0	0	0	0	0	0	0	0	0	0	-1	0	-0.3333333333	0	-1	0	0	0.3333333333	0	0	0	0	0
0	0	0	0	0	0	0	0	0	0	0	0	-1	0	-0.5	-0.5	0	0	0	0	0	0	0	0	0	-1	-1	-1	-1	0	-1	0	-1	-0.3333333333	-0.3333333333	0	0	0	0	0
0	0	0	0	0	0	0	0	0	0	0	0	0	0	-1	0	0	0	0	0	0	0	0	0	0	-1	0	-1	0	-0.3333333333	-1	-1	0	0	-0.2	0	0	0	0	0
0	0	0	0	0	0	0	0	0	0	0	0	0	0	0	0	0	0	0	0	0	-1	0	0	0	0	0	-1	-1	1	0	-1	-1	0	-1	-1	0	0	0	0
0	0	0	0	0	0	0	0	0	0	0	0	0	0	0	0	0	0	0	0	0	0	-1	-0.3333333333	0	0	-0.3333333333	0	-1	-1	0	-0.4285714286	-1	-1	0	0	1	-1	0	0
0	0	0	0	0	0	0	0	0	0	0	0	-1	0	0	0	0	0	0	0	-1	0	-1	1	0	0	0	-1	-1	-1	1	0	-1	-1	-1	-1	-1	1	0	0
0	0	0	0	0	0	0	0	0	0	0	0	-0.5	1	0	0	0	0	-1	0	-1	-1	0	-1	0	-1	0	-1	-1	-1	-1	-1	-1	-1	0	-1	-1	-1	1	-1
0	0	0	0	0	0	0	0	0	0	0	-1	-1	-1	-1	0	0	0	-1	0	0	0	-1	-1	0	0	-1	-1	-0.3333333333	-1	0.3333333333	-1	-1	-1	0	0	1	-0.5	0	0
0	0	0	0	0	0	0	0	0	0	0	-1	0	-1	0	0	0	0	-0.6	0	-1	0	-1	-1	-1	0	0	0	-1	0	1	0	-1	0	0	-1	-1	-1	0	0
0	0	0	0	0	0	0	0	0	0	0	0	0	0	0	-1	0	0	0	0	-1	0	-1	0	0	0	-1	-1	-1	-0.5	-1	-1	-1	0	0	-1	0	0	0	0
0	0	0	0	0	0	0	0	0	0	0	-1	0	-1	0	0	0	0	-1	-1	-1	-1	-1	-1	0	-1	-1	0	-1	1	-1	-1	0	0	-1	-1	0	0	0	0
0	0	0	0	0	0	0	0	0	0	0	0	0	0	0	0	0	0	-0.5	1	-1	-1	0	1	0	-1	-1	-1	0	-1	0	0	-1	-1	-1	0	0	0	0	0
0	0	0	0	0	0	0	0	0	0	1	-1	-1	0	0.3333333333	-0.5	0	0	-1	-1	-1	0	0	-1	0	0	0	-1	0	0	0	-1	-1	0	0	0	-0.5	0	0	0
0	0	0	0	0	0	0	0	1	-1	0	-0.1428571429	-1	-1	0	0	0	0	-1	-1	-1	-1	-0.3333333333	-1	-1	0	0	0	-1	-1	-1	0	-1	0	-0.5	0	-1	0	0	0
0	0	0	0	0	0	0	0	0	-0.3333333333	-1	-0.2	-1	0	0	0	0	0	0	-0.3333333333	-1	-1	-1	-1	-1	0	0	0	-1	0	0	-1	-1	-1	0	0	0	0	0	0
0	0	0	0	0	0	0	0	-1	-1	-1	-1	0	-1	1	0	0	0	0	0	0	-1	0	-1	0	0	0	-1	0	-1	-1	-1	-1	-1	0	0	0	0	0	0
0	0	0	0	0	0	0.3333333333	-1	0	0	0	0	-1	0	-1	-1	0	0	0	0	-1	-1	0	0	0	0	0	-1	-1	0	0	-1	-1	-1	-1	0	0	0	0	0
0	0	0	0	0	-1	-1	-1	0	-1	0	-1	-1	-1	-1	-1	0	0	-1	0	-1	-1	-1	-1	0	0	0	0	0	0	0	-1	-1	-0.3333333333	0	0	0	0	0	0
0	0	0	0	0	-1	-1	-1	0	0	-1	-1	-1	-1	-0.3333333333	0	0	-1	0	0	-1	-1	-1	-1	0	0	0	0	0	0	-1	-1	1	-1	-1	0	0	0	0	0
0	0	-1	0	0	-1	-1	-1	-1	-1	-1	-1	-0.3333333333	0	0	-1	-1	0	0	0	-1	0	-1	-1	0	0	-1	0	0	0	0	-1	0	0	0	0	0	0	0	0
0	0	0	0	0	-1	-1	-1	-1	0	0	-0.3333333333	-0.3333333333	-1	-1	-1	-0.5	-1	0.3333333333	0	0	0	0	0	-1	0	0	0	0	0	0	0	-1	0	0	0	0	0	0	0
0	0	0	0	-1	-1	-0.2	0	0	-1	0	0	-1	0	0	-1	-1	0	0	0	0	0	0	0	0	0	-1	0	0	0	0	0	0	0	0	0	0	0	0	0
0	0	0	0	0	0	-1	-1	-1	0	-0.5	-1	-1	-1	-1	-1	0	-1	-1	0	0	0	-1	0	0	0	0	0	0	0	0	0	0	0	0	0	0	0	0	0
0	0	0	0	-1	0	-1	0	0	0	0	1	0	-1	-1	-0.6666666667	-1	-0.5	0	0	-1	0	-1	-1	0	0	0	0	0	0	0	0	0	0	0	0	0	0	0	0
0	0	0	0	-1	0	0	0	-1	1	0	0	0	-1	0	0	0	0	-1	0	-1	0	-1	-1	-0.3333333333	0	0	0	0	0	0	0	-1	0	0	0	0	0	0	0
0	0	0	0	0	0	0	0	0	-1	-1	-1	0	0	-0.5	0	0	-0.3333333333	-1	-1	0	-1	-1	-1	0	0	0	0	0	0	0	-1	0	-0.5	0	0	0	0	0	0
0	0	0	0	0	0	0	0	0	-0.3333333333	-1	0	-0.3333333333	0	0	0	0	0	-0.5	0	-1	0	0	0	0	0	0	0	0	0	0	-1	0	-1	-1	0	0	0	0	0
0	0	0	0	0	0	0	0	0	-0.5	0	0	1	0	-1	0	0	-1	-1	-1	0	0	0	0	0	0	0	0	0	0	0	0	0	0.5	-1	-1	0	0	0	0
0	0	0	0	0	-1	0	0	0	-0.3333333333	-1	0	0	0	0	0	0	0	0	0	-1	0	0	-1	0	0	-1	0	0	0	0	0	0	0.3333333333	0	0	0	0	0	0
0	0	0	0	0	0	0	0	0	-1	-1	0	0	0	0	0	0	0	0	-1	0	0	0	0	0	0	-1	0	0	0	0	0	0	-1	-1	0	0	0	0	0
0	0	0	0	0	0	0	0	0	0	-0.5	0.3333333333	0	0	0	0	-1	0	0	-1	0	0	0	0	0	0	-1	-1	0	0	0	0	0	0	0	0	0	0	0	0
0	0	0	0	0	0	0	0	0	-1	-1	-1	0	0	0	0	-0.3333333333	0	0	-1	0	0	0	0	-1	-1	0	0	0	0	0	0	0	0	0	-1	0	0	0	0
0	0	0	0	0	0	0	0	0	0	-1	-0.3333333333	-1	0	0	0	0	-1	-1	-1	0	0	0	0	0	-0.7142857143	-1	0	0	0	0	0	0	0	0	0	0	0	0	0
0	0	0	0	0	0	0	0	0	0	0	0	-0.6	0	0	0	0	0	-1	0	0	0	0	-1	0	0	0	0	0	0	0	0	0	0	0	0	0	0	0	0
0	0	0	0	0	0	0	0	0	0	0	0	0	0	0	0	0	-1	1	0	0	0	0	0	0	0	0	0	0	0	0	0	0	0	0	0	0	0	0	0
0	0	0	0	0	0	0	0	0	0	0	0	0	0	-1	0	0	0	0	0	0	0	0	0	0	0	0	0	0	0	0	0	0	0	0	0	0	0	0	0
