-0.000000 -0.000000 -0.000000 -0.000000 -0.000000 -0.000000 -0.000000 -0.000000 -0.000000 -0.000000 -0.000000 -0.000000 -0.000000 -0.000000 -0.000000 -0.000000 -0.000000 -0.000000 -0.000000 -0.000000 -0.000000 -0.000000 -0.000000 -0.000000 -0.000000 -0.000000 -0.000000 -0.000000 -0.000000 -0.000000 -0.000000 -0.000000 -0.000000 -0.000000 -0.000000 -0.000000 -0.000000 -0.000000 -0.000000 -0.000000 
-0.000000 -0.000000 -0.000000 -0.000000 -0.000000 -0.000000 -0.000000 -0.000000 -0.000000 -0.000000 -0.000000 -0.000000 -0.000000 -0.000000 -0.000000 -0.000000 -0.000000 -0.000000 -0.000000 -0.000000 -0.000000 -0.000000 -0.000000 -0.000000 -0.000000 -0.000000 -0.000000 0.333333 1.000000 -0.000000 -0.000000 -0.000000 -0.000000 -0.000000 -0.000000 -0.000000 -0.000000 -0.000000 -0.000000 -0.000000 
-0.000000 -0.000000 -0.000000 -0.000000 -0.000000 -0.000000 -0.000000 -0.000000 -0.000000 -0.000000 -0.000000 -0.000000 -0.000000 -0.000000 -0.000000 -0.000000 -0.000000 -0.000000 -0.000000 -0.000000 1.000000 0.428571 0.200000 0.333333 -0.000000 0.333333 1.000000 -0.500000 1.000000 1.000000 0.500000 -0.000000 1.000000 1.000000 -0.000000 -0.000000 -0.000000 -0.000000 -0.000000 -0.000000 
-0.000000 -0.000000 -0.000000 -0.000000 -0.000000 -0.000000 -0.000000 -0.000000 -0.000000 -0.000000 -0.000000 -0.000000 -0.000000 -0.000000 -0.000000 -0.000000 -0.000000 -0.000000 -0.000000 -0.000000 1.000000 1.000000 -0.000000 -0.000000 -0.000000 -0.000000 1.000000 -1.000000 -0.000000 1.000000 0.500000 0.666667 1.000000 -0.000000 -0.000000 -0.000000 -0.000000 -0.000000 -0.000000 -0.000000 
-0.000000 -0.000000 -1.000000 -0.000000 -0.000000 -0.000000 -0.000000 -0.000000 -0.000000 -0.000000 -0.000000 -0.000000 -0.000000 -0.000000 -0.000000 -0.000000 -0.000000 -0.000000 -1.000000 1.000000 0.200000 -0.000000 -0.000000 -0.000000 1.000000 1.000000 -0.000000 -0.000000 0.200000 1.000000 -0.000000 -0.000000 -0.500000 -0.333333 -0.000000 -0.000000 -0.000000 -0.000000 -0.000000 -0.000000 
-0.000000 -0.000000 -0.000000 -0.000000 -0.000000 -0.000000 -0.000000 -0.000000 -0.000000 -0.000000 -0.000000 -0.000000 -0.000000 -0.000000 -0.000000 -0.000000 -0.000000 -0.000000 -0.000000 -1.000000 0.142857 -0.000000 -0.000000 -0.000000 -0.000000 -0.000000 -0.000000 -0.000000 1.000000 1.000000 0.666667 -1.000000 -0.000000 1.000000 1.000000 1.000000 -0.000000 -0.000000 -0.000000 -0.000000 
-0.000000 -0.000000 -0.000000 -0.000000 -0.000000 -0.000000 -0.000000 -0.000000 -0.000000 0.333333 -0.000000 -0.000000 -0.000000 -0.000000 1.000000 -0.000000 -0.000000 -0.000000 -0.000000 -0.000000 -1.000000 0.454545 -0.000000 -0.000000 -0.000000 -0.000000 1.000000 -1.000000 0.333333 0.600000 0.500000 1.000000 1.000000 -0.000000 0.714286 1.000000 -0.000000 -0.000000 -0.000000 -0.000000 
-0.000000 -0.000000 -0.000000 -0.000000 -0.000000 -0.000000 -0.000000 1.000000 -0.000000 -0.000000 -0.000000 -0.000000 1.000000 -0.000000 -0.000000 -0.000000 -0.000000 -0.000000 -0.000000 -0.000000 -0.000000 -0.000000 -0.000000 -0.000000 -0.000000 -0.000000 -0.000000 -0.200000 -0.000000 1.000000 -0.000000 0.555556 -0.000000 -0.000000 1.000000 -0.000000 -0.000000 -0.000000 -0.000000 -0.000000 
-0.000000 -0.000000 -0.000000 -0.000000 -0.000000 1.000000 1.000000 0.333333 -0.000000 1.000000 1.000000 -0.000000 -0.000000 -0.000000 -0.000000 1.000000 -0.000000 -0.000000 -0.000000 -0.000000 -0.000000 -0.000000 -0.000000 -0.000000 -0.000000 -0.000000 0.333333 -0.000000 1.000000 -0.000000 0.500000 -0.000000 -0.000000 -0.000000 0.500000 1.000000 -0.000000 -0.000000 -0.000000 -0.000000 
-0.000000 -0.000000 1.000000 -0.000000 0.500000 1.000000 1.000000 1.000000 1.000000 -0.000000 1.000000 -0.000000 0.500000 -0.000000 -0.000000 -0.000000 -0.000000 -0.000000 -0.000000 -0.000000 -0.000000 -0.000000 -0.000000 -0.000000 -0.000000 1.000000 1.000000 -0.000000 -0.000000 0.333333 1.000000 0.666667 -0.000000 1.000000 -0.000000 -0.000000 -0.000000 -0.000000 -0.000000 -0.000000 
-0.000000 -0.000000 -0.333333 1.000000 1.000000 1.000000 1.000000 0.500000 1.000000 1.000000 1.000000 -0.000000 1.000000 -0.000000 1.000000 -0.000000 -0.000000 1.000000 -1.000000 -1.000000 -0.000000 -0.000000 -0.000000 1.000000 -0.000000 -0.000000 -1.000000 -0.000000 -0.000000 1.000000 1.000000 -0.000000 1.000000 -0.000000 -1.000000 -0.000000 -0.000000 -0.000000 -0.000000 -0.000000 
-0.000000 -0.000000 1.000000 -0.000000 -0.000000 -0.000000 -0.000000 -0.000000 -0.000000 1.000000 1.000000 -0.000000 1.000000 1.000000 0.500000 -0.000000 -0.000000 -0.000000 -0.000000 1.000000 -0.000000 -0.000000 1.000000 1.000000 -0.000000 -0.000000 -0.000000 -0.000000 -0.000000 -0.000000 0.600000 -0.000000 -0.000000 -0.000000 -0.000000 -0.000000 -0.000000 -0.000000 -0.000000 -0.000000 
-0.000000 -0.000000 -0.000000 -0.000000 -0.000000 -0.000000 -0.000000 -0.000000 1.000000 -0.000000 1.000000 1.000000 -0.000000 1.000000 -0.000000 0.666667 -0.000000 -0.000000 -0.000000 -0.000000 -0.000000 -0.000000 1.000000 1.000000 -0.000000 -0.000000 -0.000000 -0.000000 -0.000000 -0.000000 1.000000 -0.000000 1.000000 -0.000000 -0.000000 -0.000000 -0.000000 -0.000000 -0.000000 -0.000000 
-0.000000 -0.000000 -0.000000 1.000000 -0.000000 -0.000000 -0.000000 -0.000000 1.000000 1.000000 1.000000 -0.333333 -0.250000 1.000000 1.000000 1.000000 -0.000000 1.000000 -1.000000 -0.000000 1.000000 1.000000 -0.000000 -0.000000 -0.000000 -0.000000 -0.000000 -0.000000 -0.000000 -0.000000 -0.000000 1.000000 0.666667 -1.000000 -0.000000 -0.000000 -0.000000 -0.000000 -0.000000 -0.000000 
-0.000000 -0.000000 -0.000000 -0.000000 -0.000000 -0.000000 -0.000000 1.000000 -0.000000 0.200000 1.000000 -1.000000 1.000000 1.000000 -0.000000 -0.000000 1.000000 -0.000000 -0.000000 -0.000000 1.000000 -0.000000 1.000000 -0.000000 -0.000000 -0.000000 1.000000 -0.000000 -0.000000 1.000000 -0.000000 1.000000 -0.000000 -0.000000 -0.000000 -0.000000 -0.000000 -0.000000 -0.000000 -0.000000 
-0.000000 -0.000000 -0.000000 -0.000000 -0.000000 -0.000000 -0.000000 -0.000000 -0.000000 0.714286 0.600000 -0.200000 1.000000 1.000000 -0.000000 -0.000000 1.000000 -1.000000 -0.000000 0.500000 1.000000 0.333333 1.000000 -0.000000 -0.000000 -0.000000 -0.000000 -0.000000 -0.000000 0.333333 1.000000 1.000000 1.000000 -0.000000 -0.000000 -0.000000 -0.000000 -0.000000 -0.000000 -0.000000 
-0.000000 -0.000000 -0.000000 -0.000000 -0.000000 -0.000000 -1.000000 -0.500000 -0.000000 1.000000 -0.000000 -0.000000 1.000000 -0.000000 1.000000 1.000000 1.000000 1.000000 0.500000 -0.000000 1.000000 0.333333 0.500000 1.000000 -1.000000 -0.000000 -0.000000 -0.000000 -0.000000 -0.000000 -1.000000 1.000000 1.000000 -0.000000 -0.000000 -0.000000 -0.000000 -0.000000 -0.000000 -0.000000 
1.000000 0.714286 -0.000000 -0.000000 -0.000000 1.000000 -0.000000 -0.000000 -0.000000 -0.000000 -0.000000 1.000000 -0.000000 0.333333 1.000000 1.000000 1.000000 -0.000000 1.000000 0.333333 -0.000000 1.000000 1.000000 -0.000000 -0.000000 -0.000000 1.000000 1.000000 -0.000000 -0.000000 1.000000 -0.333333 1.000000 0.600000 -0.000000 -0.000000 -0.000000 -0.000000 -0.000000 -0.000000 
1.000000 1.000000 1.000000 -0.000000 -0.000000 -0.000000 0.333333 1.000000 -0.500000 -0.000000 -1.000000 0.500000 1.000000 1.000000 -0.000000 -0.000000 0.500000 1.000000 1.000000 -0.000000 -0.000000 -0.000000 1.000000 -0.000000 -0.000000 -0.000000 1.000000 -0.000000 1.000000 -0.000000 0.600000 0.600000 -0.000000 1.000000 -0.000000 -0.000000 -0.000000 -0.000000 -0.000000 -0.000000 
1.000000 -0.000000 1.000000 -0.000000 -0.000000 -0.000000 -0.000000 -0.000000 -1.000000 -0.000000 1.000000 1.000000 1.000000 0.333333 0.500000 0.428571 -1.000000 1.000000 -0.000000 1.000000 -0.000000 -0.000000 -0.000000 -0.000000 -0.000000 -0.000000 1.000000 1.000000 0.500000 0.600000 -0.000000 -1.000000 -0.000000 0.333333 -0.000000 -0.000000 -0.000000 -0.000000 -0.000000 -0.000000 
-0.000000 -0.000000 1.000000 -0.000000 -0.000000 -0.000000 -0.000000 -0.000000 -0.000000 0.250000 -1.000000 -0.333333 -0.000000 1.000000 -0.000000 1.000000 -0.000000 -0.000000 -0.000000 -0.000000 -0.000000 -1.000000 1.000000 -0.000000 -0.000000 -0.000000 1.000000 0.714286 1.000000 -0.000000 -0.000000 0.200000 1.000000 -0.000000 -0.000000 -0.000000 -0.000000 -0.000000 -0.000000 -0.000000 
-0.000000 -0.000000 -0.000000 -0.000000 -0.000000 -0.000000 -0.000000 -0.000000 -0.000000 -0.000000 -0.000000 -0.000000 -1.000000 1.000000 1.000000 -0.000000 -0.000000 -0.000000 -0.000000 -0.000000 1.000000 -0.000000 0.500000 -0.000000 1.000000 1.000000 1.000000 -0.333333 -0.000000 -0.000000 0.500000 0.666667 1.000000 1.000000 -0.000000 -0.000000 -0.000000 1.000000 -0.000000 -0.000000 
-0.000000 -0.000000 1.000000 -0.000000 -0.000000 -0.000000 -0.000000 -0.000000 -0.000000 -0.000000 -0.000000 -0.000000 1.000000 1.000000 -0.000000 -0.000000 -0.000000 -0.000000 -0.000000 -0.000000 -0.000000 1.000000 -0.000000 -0.000000 -0.000000 -0.000000 -0.000000 -0.000000 -0.000000 -0.000000 -0.000000 1.000000 -0.000000 -1.000000 -0.000000 -0.000000 -0.000000 -0.000000 0.333333 1.000000 
1.000000 1.000000 1.000000 -0.000000 -0.000000 -0.000000 -0.000000 -0.000000 -0.000000 -0.000000 1.000000 -0.000000 -0.000000 -0.000000 -0.000000 -0.000000 1.000000 -0.000000 0.500000 -0.000000 -0.000000 1.000000 -0.000000 -0.000000 -0.000000 -0.000000 0.333333 1.000000 1.000000 1.000000 1.000000 -0.000000 -0.000000 -0.000000 -0.000000 -0.000000 -0.000000 -0.000000 1.000000 1.000000 
-0.000000 0.714286 0.666667 1.000000 1.000000 1.000000 -0.000000 1.000000 1.000000 -0.000000 -0.000000 -0.000000 -0.000000 -0.000000 -0.000000 0.500000 1.000000 -0.000000 -0.000000 0.600000 1.000000 -0.000000 -0.000000 1.000000 1.000000 1.000000 1.000000 1.000000 1.000000 -0.000000 1.000000 1.000000 -0.000000 -0.000000 -0.000000 -0.000000 -0.000000 -0.000000 1.000000 -0.000000 
-0.000000 -0.000000 1.000000 1.000000 1.000000 -0.000000 -0.000000 1.000000 1.000000 1.000000 -0.000000 -0.000000 1.000000 1.000000 1.000000 -0.000000 1.000000 1.000000 -0.000000 0.500000 -0.000000 -0.000000 -0.000000 -0.000000 1.000000 -0.000000 -0.200000 0.333333 -0.000000 1.000000 -0.000000 0.666667 0.333333 -0.000000 -0.000000 -0.000000 -0.000000 -0.000000 1.000000 -0.000000 
-0.000000 -0.000000 -0.000000 1.000000 1.000000 1.000000 1.000000 0.333333 1.000000 1.000000 -0.000000 1.000000 0.714286 1.000000 1.000000 1.000000 1.000000 1.000000 1.000000 0.500000 0.500000 1.000000 -0.000000 -0.000000 1.000000 -0.333333 1.000000 0.333333 0.666667 1.000000 1.000000 1.000000 -1.000000 -0.000000 -0.000000 -0.000000 -0.000000 -0.000000 0.200000 -0.000000 
-0.000000 -0.000000 1.000000 1.000000 1.000000 1.000000 -0.000000 1.000000 1.000000 1.000000 1.000000 1.000000 1.000000 1.000000 1.000000 1.000000 1.000000 1.000000 0.500000 1.000000 0.333333 1.000000 1.000000 -0.000000 -0.000000 -0.000000 1.000000 0.333333 1.000000 1.000000 0.600000 -0.000000 -0.000000 1.000000 -0.000000 -0.000000 -0.000000 -0.000000 -0.000000 -0.000000 
-0.000000 -0.000000 -0.000000 -0.000000 0.333333 0.500000 -0.000000 -0.000000 1.000000 1.000000 1.000000 1.000000 1.000000 1.000000 1.000000 0.333333 1.000000 0.428571 1.000000 1.000000 1.000000 -0.000000 0.333333 1.000000 -0.000000 -0.000000 1.000000 -0.000000 -0.000000 -0.000000 0.333333 -0.333333 0.333333 1.000000 -0.000000 -0.000000 -0.000000 -0.000000 -0.000000 -0.000000 
-0.000000 -0.000000 -0.000000 -0.000000 -0.000000 1.000000 0.333333 1.000000 1.000000 1.000000 1.000000 1.000000 -1.000000 -0.000000 -0.000000 0.500000 1.000000 1.000000 0.500000 1.000000 -0.000000 0.500000 -0.000000 -0.000000 -0.000000 -0.000000 -0.000000 1.000000 -0.000000 -0.000000 1.000000 -0.000000 -0.000000 0.333333 -0.000000 -0.000000 -0.000000 -0.000000 -0.000000 -0.000000 
-0.000000 -0.000000 -0.000000 -0.000000 -0.000000 1.000000 -0.000000 -0.000000 -0.000000 -0.000000 1.000000 1.000000 1.000000 -0.000000 -0.000000 -0.000000 1.000000 1.000000 0.333333 -0.000000 1.000000 1.000000 1.000000 -0.000000 -0.000000 1.000000 -0.000000 -0.000000 -0.000000 -0.000000 -0.000000 -0.000000 -0.000000 -0.000000 -0.000000 -0.000000 -0.000000 -0.000000 -0.000000 -0.000000 
-0.000000 -0.000000 -0.000000 -0.000000 -0.000000 -0.000000 -0.000000 -0.000000 -0.000000 -0.000000 1.000000 1.000000 -0.000000 -0.000000 -0.000000 -0.000000 1.000000 1.000000 -0.000000 -0.000000 1.000000 -0.000000 1.000000 0.333333 1.000000 1.000000 1.000000 1.000000 1.000000 -0.000000 -0.000000 1.000000 -0.000000 -0.000000 -0.000000 -0.000000 -0.000000 -0.000000 -0.000000 -0.000000 
-0.000000 -0.000000 -0.000000 -0.000000 -0.000000 -0.000000 -0.000000 -0.000000 -0.000000 -0.000000 -0.000000 -0.000000 0.333333 1.000000 1.000000 1.000000 -1.000000 1.000000 -1.000000 1.000000 1.000000 -0.000000 -0.000000 -0.000000 1.000000 1.000000 1.000000 -0.000000 -0.000000 -0.000000 1.000000 0.600000 -0.000000 -0.000000 -0.000000 -0.000000 -0.000000 -0.000000 -0.000000 -0.000000 
-0.000000 -0.000000 -0.000000 -0.000000 -0.000000 -0.000000 -0.000000 -0.000000 -0.000000 1.000000 -0.000000 -0.000000 -0.000000 1.000000 -1.000000 -0.000000 -0.000000 1.000000 1.000000 1.000000 1.000000 -0.000000 -1.000000 -0.000000 1.000000 1.000000 1.000000 -0.000000 -0.000000 -0.000000 -0.000000 -0.000000 -0.000000 -0.000000 -0.000000 -0.000000 -0.000000 -0.000000 -0.000000 -0.000000 
-0.000000 -0.000000 -0.000000 -0.000000 -0.000000 -0.000000 -0.000000 -0.000000 1.000000 0.750000 -0.000000 -0.000000 -0.000000 -0.000000 -0.000000 -0.000000 -0.000000 -0.333333 1.000000 1.000000 -0.333333 1.000000 1.000000 -0.000000 -0.000000 1.000000 -0.000000 -0.000000 -0.000000 -0.000000 -0.000000 -0.000000 -0.000000 -0.000000 -0.000000 -0.000000 -0.000000 -0.000000 -0.000000 -0.000000 
-0.000000 -0.000000 -0.000000 -0.000000 -0.000000 1.000000 -0.000000 1.000000 -0.000000 -0.000000 -0.000000 -0.000000 -0.000000 -0.000000 -0.000000 -0.000000 -0.000000 -0.000000 -0.000000 -0.000000 -0.000000 -0.000000 -0.000000 -0.000000 -0.000000 -0.000000 -0.000000 -0.000000 -0.000000 -0.000000 -0.000000 -0.000000 -0.000000 -0.000000 -0.000000 -0.000000 -0.000000 -0.000000 -0.000000 -0.000000 
-0.000000 -0.000000 -0.000000 -0.000000 -0.000000 -0.000000 1.000000 -0.000000 -0.000000 -0.000000 -0.000000 -0.000000 -0.000000 -0.000000 -0.000000 -0.000000 -0.000000 -0.000000 -0.000000 -0.000000 -0.000000 -0.000000 -0.000000 -0.000000 -0.000000 -0.000000 -0.000000 -0.000000 -0.000000 -0.000000 -0.000000 -0.000000 -0.000000 -0.000000 -0.000000 -0.000000 -0.000000 -0.000000 -0.000000 -0.000000 
-0.000000 -0.000000 -0.000000 -0.000000 -0.000000 -0.000000 -0.000000 -0.000000 -0.000000 -0.000000 -0.000000 -0.000000 -0.000000 -0.000000 -0.000000 -0.000000 -0.000000 -0.000000 -0.000000 -0.000000 -0.000000 -0.000000 -0.000000 -0.000000 -0.000000 -0.000000 -0.000000 -0.000000 -0.000000 -0.000000 -0.000000 -0.000000 -0.000000 -0.000000 -0.000000 -0.000000 -0.000000 -0.000000 -0.000000 -0.000000 
-0.000000 -0.000000 -0.000000 -0.000000 -0.000000 -0.000000 -0.000000 -0.000000 -0.000000 -0.000000 -0.000000 -0.000000 -0.000000 -0.000000 -0.000000 -0.000000 -0.000000 -0.000000 -0.000000 -0.000000 -0.000000 -0.000000 -0.000000 -0.000000 -0.000000 -0.000000 -0.000000 -0.000000 -0.000000 -0.000000 -0.000000 -0.000000 -0.000000 -0.000000 -0.000000 -0.000000 -0.000000 -0.000000 -0.000000 -0.000000 
-0.000000 -0.000000 -0.000000 -0.000000 -0.000000 -0.000000 1.000000 -0.000000 -0.000000 -0.000000 -0.000000 -0.000000 -0.000000 -0.000000 -0.000000 -0.000000 -0.000000 -0.000000 -0.000000 -0.000000 -0.000000 -0.000000 -0.000000 -0.000000 -0.000000 -1.000000 -0.000000 -0.000000 -0.000000 -0.000000 -0.000000 -0.000000 -0.000000 -0.000000 -0.000000 -0.000000 -0.000000 -0.000000 -0.000000 -0.000000 
