-0.000000 -0.000000 -0.000000 -0.000000 -0.000000 -0.000000 -0.000000 -0.000000 -0.000000 -0.000000 -0.000000 -0.000000 -0.000000 -0.000000 -0.000000 -0.000000 -0.000000 -0.000000 -0.000000 -0.000000 -0.000000 -0.000000 -0.000000 -0.000000 -0.000000 -0.000000 -0.000000 -0.000000 -0.000000 -0.000000 -0.000000 -0.000000 -0.000000 -0.000000 -0.000000 -0.000000 -0.000000 -0.000000 -0.000000 -0.000000 
-0.000000 -0.000000 -0.000000 -0.000000 -0.000000 -0.000000 -0.000000 -0.000000 -0.000000 -0.000000 -0.000000 -0.000000 -0.000000 -0.000000 -1.000000 -0.000000 -0.000000 -0.000000 -0.000000 -0.000000 -0.000000 -0.000000 -0.000000 -0.000000 -0.000000 -0.000000 -0.000000 -0.000000 1.000000 -0.000000 -0.000000 -0.000000 -0.000000 -0.000000 -0.000000 -0.000000 -0.000000 -0.000000 -0.000000 -0.000000 
-0.000000 -0.000000 -0.000000 -0.000000 -0.000000 -0.000000 -0.000000 -0.000000 -0.000000 -0.000000 -0.000000 -0.000000 -0.000000 -1.000000 1.000000 -0.000000 -0.000000 -0.000000 -0.000000 -0.000000 -0.000000 -0.000000 -0.000000 -0.000000 -0.000000 -0.000000 -0.000000 -0.000000 1.000000 -0.000000 1.000000 1.000000 -0.000000 -1.000000 -0.000000 -0.000000 -0.000000 -0.000000 -0.000000 -0.000000 
-0.000000 -0.000000 -0.000000 -0.000000 -0.000000 -0.000000 -0.000000 -0.000000 -0.000000 -0.000000 -0.000000 -0.000000 -0.000000 -0.000000 0.333333 1.000000 1.000000 -0.000000 -0.000000 -0.000000 -0.000000 -0.000000 -0.000000 -0.000000 -0.000000 -0.000000 -0.000000 -0.000000 1.000000 -0.000000 -0.000000 1.000000 -0.000000 1.000000 -0.000000 -0.000000 -0.000000 -0.000000 -0.000000 -0.000000 
-0.000000 -0.000000 -0.000000 -0.000000 -0.000000 -0.000000 -0.000000 -0.000000 -0.000000 -0.000000 -0.000000 -0.000000 -0.000000 -0.000000 1.000000 1.000000 -0.000000 -0.000000 -0.000000 -0.000000 -0.000000 -0.000000 -0.000000 -0.000000 -0.000000 -0.000000 -0.000000 1.000000 -0.000000 0.333333 -0.000000 1.000000 -0.000000 -0.000000 -0.333333 -0.000000 -0.000000 -0.000000 -0.000000 -0.000000 
-0.000000 -0.000000 -0.000000 -0.000000 -0.000000 -0.000000 -0.000000 -0.000000 -0.000000 -0.000000 -0.000000 -0.000000 1.000000 -0.000000 0.500000 0.500000 -0.000000 -0.000000 -0.000000 -0.000000 -0.000000 -0.000000 -0.000000 -0.000000 -0.000000 1.000000 1.000000 1.000000 1.000000 -0.000000 1.000000 -0.000000 1.000000 0.333333 0.333333 -0.000000 -0.000000 -0.000000 -0.000000 -0.000000 
-0.000000 -0.000000 -0.000000 -0.000000 -0.000000 -0.000000 -0.000000 -0.000000 -0.000000 -0.000000 -0.000000 -0.000000 -0.000000 -0.000000 1.000000 -0.000000 -0.000000 -0.000000 -0.000000 -0.000000 -0.000000 -0.000000 -0.000000 -0.000000 -0.000000 1.000000 -0.000000 1.000000 -0.000000 0.333333 1.000000 1.000000 -0.000000 -0.000000 0.200000 -0.000000 -0.000000 -0.000000 -0.000000 -0.000000 
-0.000000 -0.000000 -0.000000 -0.000000 -0.000000 -0.000000 -0.000000 -0.000000 -0.000000 -0.000000 -0.000000 -0.000000 -0.000000 -0.000000 -0.000000 -0.000000 -0.000000 -0.000000 -0.000000 -0.000000 -0.000000 1.000000 -0.000000 -0.000000 -0.000000 -0.000000 -0.000000 1.000000 1.000000 -1.000000 -0.000000 1.000000 1.000000 -0.000000 1.000000 1.000000 -0.000000 -0.000000 -0.000000 -0.000000 
-0.000000 -0.000000 -0.000000 -0.000000 -0.000000 -0.000000 -0.000000 -0.000000 -0.000000 -0.000000 -0.000000 -0.000000 -0.000000 -0.000000 -0.000000 -0.000000 -0.000000 -0.000000 -0.000000 -0.000000 -0.000000 -0.000000 1.000000 0.333333 -0.000000 -0.000000 0.333333 -0.000000 1.000000 1.000000 -0.000000 0.428571 1.000000 1.000000 -0.000000 -0.000000 -1.000000 1.000000 -0.000000 -0.000000 
-0.000000 -0.000000 -0.000000 -0.000000 -0.000000 -0.000000 -0.000000 -0.000000 -0.000000 -0.000000 -0.000000 -0.000000 1.000000 -0.000000 -0.000000 -0.000000 -0.000000 -0.000000 -0.000000 -0.000000 1.000000 -0.000000 1.000000 -1.000000 -0.000000 -0.000000 -0.000000 1.000000 1.000000 1.000000 -1.000000 -0.000000 1.000000 1.000000 1.000000 1.000000 1.000000 -1.000000 -0.000000 -0.000000 
-0.000000 -0.000000 -0.000000 -0.000000 -0.000000 -0.000000 -0.000000 -0.000000 -0.000000 -0.000000 -0.000000 -0.000000 0.500000 -1.000000 -0.000000 -0.000000 -0.000000 -0.000000 1.000000 -0.000000 1.000000 1.000000 -0.000000 1.000000 -0.000000 1.000000 -0.000000 1.000000 1.000000 1.000000 1.000000 1.000000 1.000000 1.000000 -0.000000 1.000000 1.000000 1.000000 -1.000000 1.000000 
-0.000000 -0.000000 -0.000000 -0.000000 -0.000000 -0.000000 -0.000000 -0.000000 -0.000000 -0.000000 -0.000000 1.000000 1.000000 1.000000 1.000000 -0.000000 -0.000000 -0.000000 1.000000 -0.000000 -0.000000 -0.000000 1.000000 1.000000 -0.000000 -0.000000 1.000000 1.000000 0.333333 1.000000 -0.333333 1.000000 1.000000 1.000000 -0.000000 -0.000000 -1.000000 0.500000 -0.000000 -0.000000 
-0.000000 -0.000000 -0.000000 -0.000000 -0.000000 -0.000000 -0.000000 -0.000000 -0.000000 -0.000000 -0.000000 1.000000 -0.000000 1.000000 -0.000000 -0.000000 -0.000000 -0.000000 0.600000 -0.000000 1.000000 -0.000000 1.000000 1.000000 1.000000 -0.000000 -0.000000 -0.000000 1.000000 -0.000000 -1.000000 -0.000000 1.000000 -0.000000 -0.000000 1.000000 1.000000 1.000000 -0.000000 -0.000000 
-0.000000 -0.000000 -0.000000 -0.000000 -0.000000 -0.000000 -0.000000 -0.000000 -0.000000 -0.000000 -0.000000 -0.000000 -0.000000 -0.000000 -0.000000 1.000000 -0.000000 -0.000000 -0.000000 -0.000000 1.000000 -0.000000 1.000000 -0.000000 -0.000000 -0.000000 1.000000 1.000000 1.000000 0.500000 1.000000 1.000000 1.000000 -0.000000 -0.000000 1.000000 -0.000000 -0.000000 -0.000000 -0.000000 
-0.000000 -0.000000 -0.000000 -0.000000 -0.000000 -0.000000 -0.000000 -0.000000 -0.000000 -0.000000 -0.000000 1.000000 -0.000000 1.000000 -0.000000 -0.000000 -0.000000 -0.000000 1.000000 1.000000 1.000000 1.000000 1.000000 1.000000 -0.000000 1.000000 1.000000 -0.000000 1.000000 -1.000000 1.000000 1.000000 -0.000000 -0.000000 1.000000 1.000000 -0.000000 -0.000000 -0.000000 -0.000000 
-0.000000 -0.000000 -0.000000 -0.000000 -0.000000 -0.000000 -0.000000 -0.000000 -0.000000 -0.000000 -0.000000 -0.000000 -0.000000 -0.000000 -0.000000 -0.000000 -0.000000 -0.000000 0.500000 -1.000000 1.000000 1.000000 -0.000000 -1.000000 -0.000000 1.000000 1.000000 1.000000 -0.000000 1.000000 -0.000000 -0.000000 1.000000 1.000000 1.000000 -0.000000 -0.000000 -0.000000 -0.000000 -0.000000 
-0.000000 -0.000000 -0.000000 -0.000000 -0.000000 -0.000000 -0.000000 -0.000000 -0.000000 -0.000000 -1.000000 1.000000 1.000000 -0.000000 -0.333333 0.500000 -0.000000 -0.000000 1.000000 1.000000 1.000000 -0.000000 -0.000000 1.000000 -0.000000 -0.000000 -0.000000 1.000000 -0.000000 -0.000000 -0.000000 1.000000 1.000000 -0.000000 -0.000000 -0.000000 0.500000 -0.000000 -0.000000 -0.000000 
-0.000000 -0.000000 -0.000000 -0.000000 -0.000000 -0.000000 -0.000000 -0.000000 -1.000000 1.000000 -0.000000 0.142857 1.000000 1.000000 -0.000000 -0.000000 -0.000000 -0.000000 1.000000 1.000000 1.000000 1.000000 0.333333 1.000000 1.000000 -0.000000 -0.000000 -0.000000 1.000000 1.000000 1.000000 -0.000000 1.000000 -0.000000 0.500000 -0.000000 1.000000 -0.000000 -0.000000 -0.000000 
-0.000000 -0.000000 -0.000000 -0.000000 -0.000000 -0.000000 -0.000000 -0.000000 -0.000000 0.333333 1.000000 0.200000 1.000000 -0.000000 -0.000000 -0.000000 -0.000000 -0.000000 -0.000000 0.333333 1.000000 1.000000 1.000000 1.000000 1.000000 -0.000000 -0.000000 -0.000000 1.000000 -0.000000 -0.000000 1.000000 1.000000 1.000000 -0.000000 -0.000000 -0.000000 -0.000000 -0.000000 -0.000000 
-0.000000 -0.000000 -0.000000 -0.000000 -0.000000 -0.000000 -0.000000 -0.000000 1.000000 1.000000 1.000000 1.000000 -0.000000 1.000000 -1.000000 -0.000000 -0.000000 -0.000000 -0.000000 -0.000000 -0.000000 1.000000 -0.000000 1.000000 -0.000000 -0.000000 -0.000000 1.000000 -0.000000 1.000000 1.000000 1.000000 1.000000 1.000000 -0.000000 -0.000000 -0.000000 -0.000000 -0.000000 -0.000000 
-0.000000 -0.000000 -0.000000 -0.000000 -0.000000 -0.000000 -0.333333 1.000000 -0.000000 -0.000000 -0.000000 -0.000000 1.000000 -0.000000 1.000000 1.000000 -0.000000 -0.000000 -0.000000 -0.000000 1.000000 1.000000 -0.000000 -0.000000 -0.000000 -0.000000 -0.000000 1.000000 1.000000 -0.000000 -0.000000 1.000000 1.000000 1.000000 1.000000 -0.000000 -0.000000 -0.000000 -0.000000 -0.000000 
-0.000000 -0.000000 -0.000000 -0.000000 -0.000000 1.000000 1.000000 1.000000 -0.000000 1.000000 -0.000000 1.000000 1.000000 1.000000 1.000000 1.000000 -0.000000 -0.000000 1.000000 -0.000000 1.000000 1.000000 1.000000 1.000000 -0.000000 -0.000000 -0.000000 -0.000000 -0.000000 -0.000000 -0.000000 1.000000 1.000000 0.333333 -0.000000 -0.000000 -0.000000 -0.000000 -0.000000 -0.000000 
-0.000000 -0.000000 -0.000000 -0.000000 -0.000000 1.000000 1.000000 1.000000 -0.000000 -0.000000 1.000000 1.000000 1.000000 1.000000 0.333333 -0.000000 -0.000000 1.000000 -0.000000 -0.000000 1.000000 1.000000 1.000000 1.000000 -0.000000 -0.000000 -0.000000 -0.000000 -0.000000 -0.000000 1.000000 1.000000 -1.000000 1.000000 1.000000 -0.000000 -0.000000 -0.000000 -0.000000 -0.000000 
-0.000000 -0.000000 1.000000 -0.000000 -0.000000 1.000000 1.000000 1.000000 1.000000 1.000000 1.000000 1.000000 0.333333 -0.000000 -0.000000 1.000000 1.000000 -0.000000 -0.000000 -0.000000 1.000000 -0.000000 1.000000 1.000000 -0.000000 -0.000000 1.000000 -0.000000 -0.000000 -0.000000 -0.000000 1.000000 -0.000000 -0.000000 -0.000000 -0.000000 -0.000000 -0.000000 -0.000000 -0.000000 
-0.000000 -0.000000 -0.000000 -0.000000 -0.000000 1.000000 1.000000 1.000000 1.000000 -0.000000 -0.000000 0.333333 0.333333 1.000000 1.000000 1.000000 0.500000 1.000000 -0.333333 -0.000000 -0.000000 -0.000000 -0.000000 -0.000000 1.000000 -0.000000 -0.000000 -0.000000 -0.000000 -0.000000 -0.000000 -0.000000 1.000000 -0.000000 -0.000000 -0.000000 -0.000000 -0.000000 -0.000000 -0.000000 
-0.000000 -0.000000 -0.000000 -0.000000 1.000000 1.000000 0.200000 -0.000000 -0.000000 1.000000 -0.000000 -0.000000 1.000000 -0.000000 -0.000000 1.000000 1.000000 -0.000000 -0.000000 -0.000000 -0.000000 -0.000000 -0.000000 -0.000000 -0.000000 -0.000000 1.000000 -0.000000 -0.000000 -0.000000 -0.000000 -0.000000 -0.000000 -0.000000 -0.000000 -0.000000 -0.000000 -0.000000 -0.000000 -0.000000 
-0.000000 -0.000000 -0.000000 -0.000000 -0.000000 -0.000000 1.000000 1.000000 1.000000 -0.000000 0.500000 1.000000 1.000000 1.000000 1.000000 1.000000 -0.000000 1.000000 1.000000 -0.000000 -0.000000 -0.000000 1.000000 -0.000000 -0.000000 -0.000000 -0.000000 -0.000000 -0.000000 -0.000000 -0.000000 -0.000000 -0.000000 -0.000000 -0.000000 -0.000000 -0.000000 -0.000000 -0.000000 -0.000000 
-0.000000 -0.000000 -0.000000 -0.000000 1.000000 -0.000000 1.000000 -0.000000 -0.000000 -0.000000 -0.000000 -1.000000 -0.000000 1.000000 1.000000 0.666667 1.000000 0.500000 -0.000000 -0.000000 1.000000 -0.000000 1.000000 1.000000 -0.000000 -0.000000 -0.000000 -0.000000 -0.000000 -0.000000 -0.000000 -0.000000 -0.000000 -0.000000 -0.000000 -0.000000 -0.000000 -0.000000 -0.000000 -0.000000 
-0.000000 -0.000000 -0.000000 -0.000000 1.000000 -0.000000 -0.000000 -0.000000 1.000000 -1.000000 -0.000000 -0.000000 -0.000000 1.000000 -0.000000 -0.000000 -0.000000 -0.000000 1.000000 -0.000000 1.000000 -0.000000 1.000000 1.000000 0.333333 -0.000000 -0.000000 -0.000000 -0.000000 -0.000000 -0.000000 -0.000000 1.000000 -0.000000 -0.000000 -0.000000 -0.000000 -0.000000 -0.000000 -0.000000 
-0.000000 -0.000000 -0.000000 -0.000000 -0.000000 -0.000000 -0.000000 -0.000000 -0.000000 1.000000 1.000000 1.000000 -0.000000 -0.000000 0.500000 -0.000000 -0.000000 0.333333 1.000000 1.000000 -0.000000 1.000000 1.000000 1.000000 -0.000000 -0.000000 -0.000000 -0.000000 -0.000000 -0.000000 -0.000000 1.000000 -0.000000 0.500000 -0.000000 -0.000000 -0.000000 -0.000000 -0.000000 -0.000000 
-0.000000 -0.000000 -0.000000 -0.000000 -0.000000 -0.000000 -0.000000 -0.000000 -0.000000 0.333333 1.000000 -0.000000 0.333333 -0.000000 -0.000000 -0.000000 -0.000000 -0.000000 0.500000 -0.000000 1.000000 -0.000000 -0.000000 -0.000000 -0.000000 -0.000000 -0.000000 -0.000000 -0.000000 -0.000000 -0.000000 1.000000 -0.000000 1.000000 1.000000 -0.000000 -0.000000 -0.000000 -0.000000 -0.000000 
-0.000000 -0.000000 -0.000000 -0.000000 -0.000000 -0.000000 -0.000000 -0.000000 -0.000000 0.500000 -0.000000 -0.000000 -1.000000 -0.000000 1.000000 -0.000000 -0.000000 1.000000 1.000000 1.000000 -0.000000 -0.000000 -0.000000 -0.000000 -0.000000 -0.000000 -0.000000 -0.000000 -0.000000 -0.000000 -0.000000 -0.000000 -0.000000 -0.500000 1.000000 1.000000 -0.000000 -0.000000 -0.000000 -0.000000 
-0.000000 -0.000000 -0.000000 -0.000000 -0.000000 1.000000 -0.000000 -0.000000 -0.000000 0.333333 1.000000 -0.000000 -0.000000 -0.000000 -0.000000 -0.000000 -0.000000 -0.000000 -0.000000 -0.000000 1.000000 -0.000000 -0.000000 1.000000 -0.000000 -0.000000 1.000000 -0.000000 -0.000000 -0.000000 -0.000000 -0.000000 -0.000000 -0.333333 -0.000000 -0.000000 -0.000000 -0.000000 -0.000000 -0.000000 
-0.000000 -0.000000 -0.000000 -0.000000 -0.000000 -0.000000 -0.000000 -0.000000 -0.000000 1.000000 1.000000 -0.000000 -0.000000 -0.000000 -0.000000 -0.000000 -0.000000 -0.000000 -0.000000 1.000000 -0.000000 -0.000000 -0.000000 -0.000000 -0.000000 -0.000000 1.000000 -0.000000 -0.000000 -0.000000 -0.000000 -0.000000 -0.000000 1.000000 1.000000 -0.000000 -0.000000 -0.000000 -0.000000 -0.000000 
-0.000000 -0.000000 -0.000000 -0.000000 -0.000000 -0.000000 -0.000000 -0.000000 -0.000000 -0.000000 0.500000 -0.333333 -0.000000 -0.000000 -0.000000 -0.000000 1.000000 -0.000000 -0.000000 1.000000 -0.000000 -0.000000 -0.000000 -0.000000 -0.000000 -0.000000 1.000000 1.000000 -0.000000 -0.000000 -0.000000 -0.000000 -0.000000 -0.000000 -0.000000 -0.000000 -0.000000 -0.000000 -0.000000 -0.000000 
-0.000000 -0.000000 -0.000000 -0.000000 -0.000000 -0.000000 -0.000000 -0.000000 -0.000000 1.000000 1.000000 1.000000 -0.000000 -0.000000 -0.000000 -0.000000 0.333333 -0.000000 -0.000000 1.000000 -0.000000 -0.000000 -0.000000 -0.000000 1.000000 1.000000 -0.000000 -0.000000 -0.000000 -0.000000 -0.000000 -0.000000 -0.000000 -0.000000 -0.000000 1.000000 -0.000000 -0.000000 -0.000000 -0.000000 
-0.000000 -0.000000 -0.000000 -0.000000 -0.000000 -0.000000 -0.000000 -0.000000 -0.000000 -0.000000 1.000000 0.333333 1.000000 -0.000000 -0.000000 -0.000000 -0.000000 1.000000 1.000000 1.000000 -0.000000 -0.000000 -0.000000 -0.000000 -0.000000 0.714286 1.000000 -0.000000 -0.000000 -0.000000 -0.000000 -0.000000 -0.000000 -0.000000 -0.000000 -0.000000 -0.000000 -0.000000 -0.000000 -0.000000 
-0.000000 -0.000000 -0.000000 -0.000000 -0.000000 -0.000000 -0.000000 -0.000000 -0.000000 -0.000000 -0.000000 -0.000000 0.600000 -0.000000 -0.000000 -0.000000 -0.000000 -0.000000 1.000000 -0.000000 -0.000000 -0.000000 -0.000000 1.000000 -0.000000 -0.000000 -0.000000 -0.000000 -0.000000 -0.000000 -0.000000 -0.000000 -0.000000 -0.000000 -0.000000 -0.000000 -0.000000 -0.000000 -0.000000 -0.000000 
-0.000000 -0.000000 -0.000000 -0.000000 -0.000000 -0.000000 -0.000000 -0.000000 -0.000000 -0.000000 -0.000000 -0.000000 -0.000000 -0.000000 -0.000000 -0.000000 -0.000000 1.000000 -1.000000 -0.000000 -0.000000 -0.000000 -0.000000 -0.000000 -0.000000 -0.000000 -0.000000 -0.000000 -0.000000 -0.000000 -0.000000 -0.000000 -0.000000 -0.000000 -0.000000 -0.000000 -0.000000 -0.000000 -0.000000 -0.000000 
-0.000000 -0.000000 -0.000000 -0.000000 -0.000000 -0.000000 -0.000000 -0.000000 -0.000000 -0.000000 -0.000000 -0.000000 -0.000000 -0.000000 1.000000 -0.000000 -0.000000 -0.000000 -0.000000 -0.000000 -0.000000 -0.000000 -0.000000 -0.000000 -0.000000 -0.000000 -0.000000 -0.000000 -0.000000 -0.000000 -0.000000 -0.000000 -0.000000 -0.000000 -0.000000 -0.000000 -0.000000 -0.000000 -0.000000 -0.000000 
