Domain Cardiac Coronary Medical Surgical Total
Albumin 0.535652 0.243707 0.778755 0.609551 2.16766
ALP 0.726957 0.372998 1 0.773408 2.87336
ALT 0.765217 0.384439 1.023 0.787453 2.96011
#AST 0.763478 0.383295 1.02639 0.789326 2.96249
Bilirubin 0.73913 0.377574 1.05954 0.769663 2.94591
BUN 3.41565 3.10984 3.55074 3.5 13.5762
#Cholesterol 0.281739 0.0160183 0.0480379 0.0608614 0.406657
Creatinine 3.46087 3.12014 3.56563 3.50655 13.6532
#DiasABP 20.7617 37.5217 16.4405 31.0993 105.823
FiO2 5.61913 8.36041 6.977 8.92509 29.8816
#GCS 12.5026 12.6796 12.6353 21.7416 59.5591
Glucose 3.28522 2.18192 3.54398 3.51311 12.5242
HCO3 3.32 2.87757 3.55548 3.45131 13.2044
Hematocrit 4.16174 5.12815 4.14953 4.58614 18.0256
"Heart Rate" 41.3861 43.6762 42.1279 43.4635 170.654
Potassium 3.93565 2.48169 3.8295 3.82584 14.0727
Lactate 1.19478 1.77002 1.79838 2.68352 7.4467
#MAP 20.6922 37.6098 16.1955 30.8727 105.37
#MechVent 5.20522 8.09382 6.49932 8.85487 28.6532
Magnesium 3.38087 3.00915 3.36468 3.5618 13.3165
Sodium 3.28348 2.4016 3.63329 3.70693 13.0253
#NIDiasABP 21.6574 10.1259 27.0318 17.1199 75.935
#NIMAP 21.56 10.0309 26.5825 16.9373 75.1107
NISysABP 21.6765 10.1556 27.046 17.1526 76.0307
PaCO2 4.20174 9.77574 3.5954 5.53839 23.1113
PaO2 4.2 9.75973 3.60149 5.5309 23.0921
pH 4.27478 10.6888 3.65968 5.6133 24.2366
Platelets 3.44522 3.80206 3.17321 3.57303 13.9935
RespRate 14.4991 2.19451 15.3424 11.4026 43.4386
SaO2 2.53739 5.22883 0.581867 0.861423 9.20951
SysABP 20.7635 37.524 16.4452 31.1021 105.835
Temp 14.5061 27.5343 13.3972 16.9822 72.4198
TroponinI 0.158261 0.0732265 0.134641 0.0702247 0.436353
TroponinT 1.05391 0.1373 0.631258 0.399813 2.22228
Urine 27.3774 39.8661 28.5663 35.7453 131.555
#WBC 3.12696 3.21854 3.03315 3.33427 12.7129
#Weight 20.6365 24.8181 30.8288 19.9279 96.2113
